"Postal code area","Free-time residences, 2014 (RA)","Buildings, total, 2014 (RA)","Other buildings, 2014 (RA)","Residential buildings, 2014 (RA)","Dwellings, 2014 (RA)","Average floor area, 2014 (RA)","Dwellings in small houses, 2014 (RA)","Dwellings in blocks of flats, 2014 (RA)"
"Finland",500422,1497534,219835,1277699,2860590,80.3,1549643,1310947
"00100 Helsinki Keskusta - Etu-Töölö   (Helsinki",0,624,318,306,11524,66.3,2,11522
"00120 Punavuori   (Helsinki )",0,247,101,146,4271,69.3,7,4264
"00130 Kaartinkaupunki   (Helsinki )",0,142,109,33,870,75.5,0,870
"00140 Kaivopuisto - Ullanlinna   (Helsinki )",0,245,75,170,5386,73.5,13,5373
"00150 Eira - Hernesaari   (Helsinki )",2,368,104,264,6715,55.3,31,6684
"00160 Katajanokka   (Helsinki )",0,139,62,77,2621,77.0,3,2618
"00170 Kruununhaka   (Helsinki )",0,257,123,134,4531,68.1,9,4522
"00180 Kamppi - Ruoholahti   (Helsinki )",0,327,144,183,8166,59.2,66,8100
"00190 Suomenlinna   (Helsinki )",0,112,56,56,373,68.9,56,317
"00200 Lauttasaari   (Helsinki )",5,580,49,531,9095,60.1,486,8609
"00210 Vattuniemi   (Helsinki )",0,231,97,134,4233,70.9,41,4192
"00220 Jätkäsaari   (Helsinki )",0,37,17,20,1527,58.2,0,1527
"00230 Ilmala   (Helsinki )",0,2,2,0,0,0.0,0,0
"00240 Länsi-Pasila   (Helsinki )",0,197,84,113,2890,63.2,21,2869
"00250 Taka-Töölö   (Helsinki )",0,410,129,281,7664,53.8,60,7604
"00260 Keski-Töölö   (Helsinki )",0,135,43,92,3621,63.0,0,3621
"00270 Pohjois-Meilahti   (Helsinki )",0,194,27,167,4872,53.0,68,4804
"00280 Ruskeasuo   (Helsinki )",0,134,25,109,1721,54.6,36,1685
"00290 Meilahden sairaala-alue   (Helsinki )",0,32,27,5,113,66.1,0,113
"00300 Pikku Huopalahti   (Helsinki )",0,223,60,163,3101,61.7,61,3040
"00310 Kivihaka   (Helsinki )",0,35,11,24,604,50.9,13,591
"00320 Etelä-Haaga   (Helsinki )",0,395,56,339,6438,49.6,164,6274
"00330 Munkkiniemi   (Helsinki )",0,380,51,329,5206,70.5,225,4981
"00340 Kuusisaari-Lehtisaari   (Helsinki )",1,223,21,202,849,122.7,392,457
"00350 Munkkivuori-Niemenmäki   (Helsinki )",0,265,63,202,5662,54.9,141,5521
"00360 Pajamäki   (Helsinki )",3,37,7,30,1229,49.9,0,1229
"00370 Reimarla   (Helsinki )",0,772,139,633,3484,66.7,886,2598
"00380 Pitäjänmäen teollisuusalue   (Helsinki )",0,171,107,64,2436,59.8,13,2423
"00390 Konala   (Helsinki )",0,727,138,589,3424,63.0,839,2585
"00400 Pohjois-Haaga   (Helsinki )",0,222,29,193,5709,52.6,69,5640
"00410 Malminkartano   (Helsinki )",0,356,72,284,4117,64.1,341,3776
"00420 Kannelmäki   (Helsinki )",0,706,62,644,7923,59.7,900,7023
"00430 Maununneva   (Helsinki )",0,1223,63,1160,2030,90.9,1638,392
"00440 Lassila   (Helsinki )",0,203,42,161,2665,57.2,71,2594
"00500 Sörnäinen   (Helsinki )",0,226,61,165,9707,39.3,0,9707
"00510 Etu-Vallila - Alppila   (Helsinki )",0,361,148,213,6523,40.0,64,6459
"00520 Itä-Pasila   (Helsinki )",0,204,83,121,4046,53.8,8,4038
"00530 Kallio   (Helsinki )",0,342,111,231,13584,45.3,6,13578
"00540 Kalasatama   (Helsinki )",0,57,37,20,952,61.6,17,935
"00550 Vallila   (Helsinki )",6,197,27,170,6401,45.3,14,6387
"00560 Toukola-Vanhakaupunki   (Helsinki )",3,636,131,505,6738,61.2,423,6315
"00570 Kulosaari   (Helsinki )",0,445,75,370,2070,88.9,564,1506
"00580 Verkkosaari   (Helsinki )",0,146,99,47,1412,60.7,11,1401
"00590 Kaitalahti   (Helsinki )",16,148,16,132,152,104.6,152,0
"00600 Koskela-Helsinki   (Helsinki )",0,288,36,252,1847,65.0,248,1599
"00610 Käpylä   (Helsinki )",2,485,71,414,4562,56.0,336,4226
"00620 Metsälä-Etelä-Oulunkylä   (Helsinki )",0,397,89,308,1502,79.6,517,985
"00630 Maunula-Suursuo   (Helsinki )",0,535,35,500,4723,59.4,611,4112
"00640 Oulunkylä-Patola   (Helsinki )",0,617,75,542,4467,67.2,856,3611
"00650 Veräjämäki   (Helsinki )",0,369,31,338,2056,76.3,558,1498
"00660 Länsi-Pakila   (Helsinki )",0,1416,66,1350,2777,98.0,2561,216
"00670 Paloheinä   (Helsinki )",1,1297,44,1253,2330,100.1,2311,19
"00680 Itä-Pakila   (Helsinki )",1,808,72,736,1521,99.2,1345,176
"00690 Tuomarinkylä-Torpparinmäki   (Helsinki )",0,626,40,586,1101,92.1,912,189
"00700 Malmi   (Helsinki )",2,1349,286,1063,7277,62.6,1165,6112
"00710 Pihlajamäki   (Helsinki )",0,368,72,296,6960,62.8,411,6549
"00720 Pukinmäki-Savela   (Helsinki )",1,530,70,460,4724,62.0,552,4172
"00730 Tapanila   (Helsinki )",1,1847,115,1732,5320,75.4,2574,2746
"00740 Siltamäki   (Helsinki )",0,1499,105,1394,4575,77.8,2289,2286
"00750 Puistola   (Helsinki )",4,1366,122,1244,4439,72.6,1833,2606
"00760 Suurmetsä   (Helsinki )",1,1646,124,1522,3178,89.2,2543,635
"00770 Jakomäki - Alppikylä   (Helsinki )",0,509,287,222,3627,63.2,226,3401
"00780 Tapaninvainio   (Helsinki )",1,1344,71,1273,3239,82.0,2087,1152
"00790 Viikki   (Helsinki )",0,390,79,311,5017,63.3,466,4551
"00800 Länsi-Herttoniemi   (Helsinki )",0,446,40,406,4387,57.1,460,3927
"00810 Herttoniemi   (Helsinki )",1,279,84,195,6096,62.6,114,5982
"00820 Roihuvuori   (Helsinki )",0,160,52,108,4303,53.7,0,4303
"00830 Tammisalo   (Helsinki )",40,367,30,337,999,111.1,815,184
"00840 Laajasalo   (Helsinki )",5,711,62,649,4336,75.5,1405,2931
"00850 Jollas   (Helsinki )",127,700,45,655,1249,102.7,998,251
"00860 Santahamina   (Helsinki )",1,118,80,38,263,59.0,36,227
"00870 Etelä-Laajasalo   (Helsinki )",11,333,30,303,2515,69.4,416,2099
"00880 Roihupellon teollisuusalue   (Helsinki )",0,212,202,10,353,58.4,3,350
"00890 Itäsalmi   (Helsinki )",48,897,194,703,715,161.3,714,1
"00900 Puotinharju   (Helsinki )",0,164,39,125,2428,59.3,135,2293
"00910 Puotila   (Helsinki )",0,231,38,193,3646,55.6,125,3521
"00920 Myllypuro   (Helsinki )",1,922,59,863,6070,68.7,1281,4789
"00930 Itäkeskus-Marjaniemi   (Helsinki )",19,661,62,599,3382,79.9,909,2473
"00940 Kontula - Vesala   (Helsinki )",1,1243,134,1109,13092,64.6,1439,11653
"00950 Vartioharju   (Helsinki )",3,1438,89,1349,2412,91.7,1938,474
"00960 Pohjois-Vuosaari   (Helsinki )",2,294,19,275,3876,62.9,629,3247
"00970 Mellunmäki   (Helsinki )",0,657,64,593,5758,64.0,855,4903
"00980 Etelä-Vuosaari   (Helsinki )",88,1254,283,971,11138,67.3,1473,9665
"00990 Aurinkolahti   (Helsinki )",10,195,26,169,4255,66.5,194,4061
"01120 Västerskog   (Sipoo )",835,724,130,594,605,120.1,549,56
"01150 Söderkulla   (Sipoo )",438,1585,194,1391,1935,113.8,1538,397
"01180 Kalkkiranta   (Porvoo )",496,292,61,231,209,123.5,209,0
"01190 Box   (Sipoo )",61,522,80,442,426,118.0,426,0
"01200 Hakunila   (Vantaa )",18,890,98,792,6009,67.9,1236,4773
"01230 Vaarala   (Vantaa )",3,486,43,443,1351,81.0,991,360
"01260 Itä-Hakkila   (Vantaa )",26,1442,94,1348,1852,100.6,1734,118
"01280 Länsimäki   (Vantaa )",1,900,34,866,4617,71.2,1972,2645
"01300 Tikkurila   (Vantaa )",1,1751,243,1508,10048,66.6,2548,7500
"01340 Leinelä   (Vantaa )",0,14,3,11,361,56.1,0,361
"01350 Hiekkaharju   (Vantaa )",2,1021,37,984,5154,67.8,1431,3723
"01360 Koivukylä-Havukoski   (Vantaa )",3,831,52,779,6705,63.8,1073,5632
"01370 Jokiniemi   (Vantaa )",0,446,41,405,3100,63.3,728,2372
"01380 Kuusikko-Hakkila   (Vantaa )",2,570,78,492,765,97.5,765,0
"01390 Ruskeasanta-Ilola   (Vantaa )",6,2194,66,2128,3559,92.6,2948,611
"01400 Rekola   (Vantaa )",13,1714,74,1640,3636,82.6,2103,1533
"01420 Päiväkumpu   (Vantaa )",12,1011,25,986,1127,109.4,1127,0
"01450 Korso   (Vantaa )",18,3430,218,3212,8726,76.9,4487,4239
"01480 Mikkola   (Vantaa )",14,932,62,870,3065,75.5,976,2089
"01490 Nikinmäki   (Sipoo )",24,1189,49,1140,1379,117.0,1343,36
"01510 Kirkonkylä-Veromäki   (Vantaa )",5,664,255,409,3051,64.4,563,2488
"01520 Tammisto   (Vantaa )",0,397,30,367,3588,68.8,866,2722
"01530 Veromiehenkylä   (Vantaa )",0,240,215,25,399,52.2,25,374
"01600 Myyrmäki   (Vantaa )",0,355,80,275,9287,62.4,115,9172
"01610 Kaivoksela   (Vantaa )",3,276,56,220,2645,61.4,301,2344
"01620 Martinlaakso   (Vantaa )",1,592,75,517,6176,69.2,915,5261
"01630 Hämeenkylä   (Vantaa )",2,371,25,346,861,91.3,844,17
"01640 Hämevaara   (Vantaa )",2,655,24,631,1464,83.5,668,796
"01650 Vapaala   (Vantaa )",3,740,37,703,1957,84.0,892,1065
"01660 Varisto   (Vantaa )",3,409,16,393,1087,80.3,936,151
"01670 Vantaanlaakso   (Vantaa )",124,512,36,476,1214,88.5,977,237
"01680 Askisto   (Vantaa )",2,578,23,555,795,100.7,736,59
"01690 Ylästö   (Vantaa )",13,1205,40,1165,1598,105.6,1542,56
"01700 Kivistö   (Vantaa )",3,989,37,952,1242,106.9,1144,98
"01710 Pähkinärinne   (Vantaa )",0,152,9,143,2677,63.3,299,2378
"01720 Petikko   (Vantaa )",4,116,102,14,32,66.9,20,12
"01730 Vantaanpuisto   (Vantaa )",246,664,86,578,1093,91.3,677,416
"01740 Tuupakan teollisuusalue   (Vantaa )",5,192,97,95,108,113.4,108,0
"01750 Keimola   (Vantaa )",27,382,46,336,329,119.6,329,0
"01760 Seutula   (Vantaa )",110,887,79,808,901,96.9,831,70
"01770 Martinlaakson teollisuusalue   (Vantaa )",0,4,4,0,0,0.0,0,0
"01800 Klaukkala Keskus   (Nurmijärvi )",89,1746,241,1505,3568,87.6,2080,1488
"01810 Luhtajoki   (Nurmijärvi )",12,293,41,252,272,119.9,269,3
"01820 Haikala   (Nurmijärvi )",6,656,34,622,1331,102.2,1261,70
"01830 Lepsämä   (Nurmijärvi )",57,947,101,846,890,121.9,890,0
"01840 Klaukkala   (Nurmijärvi )",9,1045,87,958,1557,108.3,1414,143
"01860 Perttula   (Nurmijärvi )",103,933,118,815,836,122.3,821,15
"01900 Nurmijärvi Keskus   (Nurmijärvi )",49,2369,409,1960,4204,89.3,2524,1680
"01940 Palojoki   (Nurmijärvi )",31,344,44,300,306,113.6,306,0
"02100 Tapiola   (Espoo )",0,289,84,205,2805,65.4,297,2508
"02110 Otsolahti   (Espoo )",0,137,15,122,1656,65.4,252,1404
"02120 Länsikorkee-Hakalehto   (Espoo )",0,136,14,122,1719,64.5,196,1523
"02130 Pohjois-Tapiola   (Espoo )",1,807,77,730,2764,88.9,1409,1355
"02140 Laajalahti-Friisinmäki   (Espoo )",46,669,27,642,1477,95.2,1052,425
"02150 Otaniemi   (Espoo )",0,187,143,44,1810,47.5,22,1788
"02160 Westend   (Espoo )",70,621,37,584,1364,127.7,907,457
"02170 Haukilahti   (Espoo )",1,521,45,476,2862,89.3,1184,1678
"02180 Mankkaa   (Espoo )",0,1408,63,1345,2504,103.1,2391,113
"02200 Niittykumpu   (Espoo )",11,1196,173,1023,5086,78.4,1688,3398
"02210 Olari-Kuitinmäki   (Espoo )",107,772,62,710,5672,75.4,1487,4185
"02230 Matinkylä   (Espoo )",65,1425,133,1292,10522,69.8,2018,8504
"02240 Friisilä   (Espoo )",5,616,42,574,780,122.7,705,75
"02260 Iivisniemi   (Espoo )",10,554,28,526,1654,86.8,970,684
"02270 Suomenoja   (Espoo )",6,722,182,540,860,103.7,860,0
"02280 Puolarmetsä   (Espoo )",3,649,33,616,1825,83.4,1268,557
"02290 Puolarmetsän sairaala   (Espoo )",0,1,1,0,0,0.0,0,0
"02300 Nöykkiö   (Espoo )",4,763,30,733,877,128.4,877,0
"02320 Kivenlahti   (Espoo )",3,975,97,878,8490,71.8,1670,6820
"02330 Kattilalaakso   (Espoo )",26,1759,99,1660,3506,98.8,2008,1498
"02340 Latokaski   (Espoo )",2,970,30,940,1839,91.2,1839,0
"02360 Espoonlahti   (Espoo )",42,1110,61,1049,4654,85.0,1600,3054
"02380 Suvisaaristo   (Espoo )",334,306,33,273,271,167.4,271,0
"02400 Kirkkonummi Keskus   (Kirkkonummi )",302,2641,200,2441,5736,90.2,3432,2304
"02410 Gesterby   (Kirkkonummi )",0,174,5,169,1292,65.7,290,1002
"02420 Jorvas   (Kirkkonummi )",326,690,74,616,718,141.7,688,30
"02430 Masala   (Kirkkonummi )",7,649,75,574,1877,81.6,1225,652
"02440 Luoma   (Kirkkonummi )",48,284,19,265,267,139.5,267,0
"02450 Sundsberg   (Kirkkonummi )",31,340,21,319,649,117.4,637,12
"02460 Kantvik   (Kirkkonummi )",2,393,33,360,761,98.7,451,310
"02470 Upinniemi   (Kirkkonummi )",10,38,14,24,276,64.0,8,268
"02480 Porkkala   (Kirkkonummi )",886,1456,160,1296,1749,119.5,1572,177
"02490 Pikkala   (Siuntio )",18,104,33,71,181,85.3,73,108
"02510 Oitmäki   (Kirkkonummi )",35,229,22,207,225,110.6,220,5
"02520 Lapinkylä   (Kirkkonummi )",45,377,27,350,340,123.3,340,0
"02540 Kylmälä   (Kirkkonummi )",245,306,31,275,270,126.0,269,1
"02550 Evitskog   (Kirkkonummi )",222,385,22,363,360,121.5,359,1
"02570 Siuntio Kirkonkylä   (Siuntio )",419,680,97,583,593,114.8,587,6
"02580 Siuntio Asemanseutu   (Siuntio )",240,1334,189,1145,1498,117.1,1370,128
"02590 Lappers   (Siuntio )",9,117,11,106,99,134.9,99,0
"02600 Etelä-Leppävaara   (Espoo )",2,613,123,490,5723,64.4,508,5215
"02610 Kilo   (Espoo )",1,612,91,521,2660,70.7,792,1868
"02620 Karakallio   (Espoo )",4,958,48,910,3648,78.8,1222,2426
"02630 Nihtisilta   (Espoo )",1,498,94,404,1365,77.0,662,703
"02650 Pohjois-Leppävaara   (Espoo )",0,546,108,438,5885,62.0,410,5475
"02660 Lintuvaara   (Espoo )",2,1278,60,1218,2288,93.5,1594,694
"02680 Uusmäki   (Espoo )",0,324,12,312,832,81.3,438,394
"02700 Suur-Kauniainen   (Kauniainen )",0,1409,78,1331,4120,112.2,2138,1982
"02710 Viherlaakso   (Espoo )",2,928,74,854,2970,78.1,1291,1679
"02720 Laaksolahti-Lähderanta   (Espoo )",2,401,25,376,1417,80.3,729,688
"02730 Laaksolahti   (Espoo )",21,1419,51,1368,1681,125.4,1655,26
"02740 Karvasmäki-Kunnarla   (Espoo )",103,737,154,583,1214,92.9,810,404
"02750 Sepänkylä   (Espoo )",5,1012,37,975,2529,86.5,1382,1147
"02760 Espoon Keskus Itäinen   (Espoo )",0,1152,72,1080,6905,70.3,2244,4661
"02770 Espoon Keskus Läntinen   (Espoo )",1,1448,173,1275,4729,71.8,1822,2907
"02780 Kauklahti   (Espoo )",55,1864,178,1686,3596,93.2,2273,1323
"02810 Kumpyöli-Karhusuo   (Espoo )",6,476,26,450,664,105.6,589,75
"02820 Nupuri-Nuuksio   (Espoo )",351,719,132,587,581,125.7,581,0
"02860 Siikajärvi   (Espoo )",296,319,25,294,303,106.0,303,0
"02880 Veikkola   (Kirkkonummi )",296,1722,109,1613,2230,112.8,2166,64
"02920 Niipperi   (Espoo )",43,1468,237,1231,1852,101.2,1709,143
"02940 Lippajärvi   (Espoo )",68,1902,103,1799,4345,87.2,2996,1349
"02970 Kalajärvi   (Espoo )",59,1174,89,1085,1455,102.9,1309,146
"02980 Lakisto   (Espoo )",91,133,47,86,526,53.7,83,443
"03100 Nummela   (Vihti )",403,3192,449,2743,7283,85.0,4768,2515
"03150 Huhmari   (Vihti )",173,397,36,361,347,119.7,347,0
"03220 Tervalampi   (Vihti )",287,339,66,273,271,119.4,271,0
"03250 Ojakkala   (Vihti )",160,720,83,637,752,118.3,746,6
"03300 Otalampi   (Vihti )",246,1053,81,972,975,115.3,970,5
"03320 Selki   (Vihti )",17,171,23,148,150,114.0,143,7
"03400 Vihti Kirkonkylä   (Vihti )",643,2281,160,2121,2925,99.7,2540,385
"03430 Jokikunta   (Vihti )",191,237,12,225,218,118.0,217,1
"03600 Karkkila Keskus   (Karkkila )",689,2318,331,1987,3492,81.2,2267,1225
"03620 Polari   (Karkkila )",176,788,76,712,1133,87.3,867,266
"03710 Uusitalo   (Karkkila )",108,122,17,105,90,113.7,90,0
"03790 Vihtijärvi   (Vihti )",380,259,21,238,227,115.4,226,1
"03810 Ikkala   (Lohja )",179,299,34,265,322,95.9,321,1
"03850 Pusula   (Lohja )",1501,841,99,742,875,94.9,859,16
"03870 Hyönölä   (Lohja )",74,120,15,105,101,109.2,99,2
"04130 Sipoo   (Sipoo )",171,2379,410,1969,3313,94.3,2151,1162
"04150 Martinkylä   (Sipoo )",29,354,69,285,263,116.3,263,0
"04170 Paippinen   (Sipoo )",42,618,74,544,510,117.8,510,0
"04200 Kerava Keskus   (Kerava )",4,1451,179,1272,6524,69.4,1559,4965
"04220 Ahjo-Kaskela   (Kerava )",1,1026,119,907,2274,82.7,1139,1135
"04230 Pihkaniitty   (Kerava )",0,1428,53,1375,3360,89.0,2140,1220
"04240 Talma   (Sipoo )",28,606,87,519,506,116.4,506,0
"04250 Alikerava   (Kerava )",11,577,219,358,2545,65.7,544,2001
"04260 Savio   (Kerava )",9,1192,100,1092,3071,75.9,1431,1640
"04300 Hyrylä   (Tuusula )",86,2505,553,1952,4860,87.2,2845,2015
"04310 Tuusula Keskus   (Tuusula )",20,805,117,688,1089,106.1,922,167
"04320 Riihikallio   (Tuusula )",3,890,58,832,2173,85.0,1225,948
"04330 Lahela   (Tuusula )",11,711,63,648,818,117.9,800,18
"04340 Mattila   (Tuusula )",3,571,44,527,1045,89.6,654,391
"04350 Nahkela   (Tuusula )",24,256,39,217,217,130.8,217,0
"04360 Ruotsinkylä-Kiilinmäki   (Tuusula )",35,680,190,490,506,113.5,506,0
"04370 Rusutjärvi   (Tuusula )",164,377,53,324,314,121.5,314,0
"04380 Tuomala   (Tuusula )",11,280,44,236,237,132.1,234,3
"04390 Jäniksenlinna   (Tuusula )",45,222,21,201,199,118.6,199,0
"04400 Loutti   (Järvenpää )",6,1447,184,1263,5564,72.0,1661,3903
"04410 Järvenpää Keskus   (Järvenpää )",3,1656,168,1488,5011,75.2,2414,2597
"04420 Kyrölä   (Järvenpää )",3,820,40,780,1648,87.7,1532,116
"04430 Kinnari-Mikonkorpi   (Järvenpää )",18,2138,181,1957,3950,90.7,3199,751
"04440 Jamppa   (Järvenpää )",0,924,217,707,2385,72.6,985,1400
"04460 Nummenkylä   (Tuusula )",0,443,18,425,794,92.9,700,94
"04480 Haarajoki   (Mäntsälä )",96,902,118,784,851,116.7,821,30
"04500 Kellokoski   (Tuusula )",45,2007,269,1738,2517,99.2,2044,473
"04530 Ohkola   (Mäntsälä )",60,431,56,375,358,118.9,358,0
"04600 Mäntsälä Keskus   (Mäntsälä )",30,2526,444,2082,4565,84.1,2963,1602
"04620 Kaunismäki   (Mäntsälä )",15,552,66,486,684,112.1,592,92
"04630 Sääksjärvi   (Mäntsälä )",133,450,62,388,368,118.5,368,0
"04660 Numminen   (Mäntsälä )",134,840,133,707,686,120.0,686,0
"04680 Hirvihaara   (Mäntsälä )",44,362,75,287,271,117.1,270,1
"04740 Sälinkää   (Mäntsälä )",281,631,82,549,516,114.3,512,4
"04770 Sahakylä   (Mäntsälä )",41,119,12,107,103,109.9,103,0
"04820 Kaukalampi   (Mäntsälä )",22,144,12,132,122,115.1,121,1
"04840 Hautjärvi   (Mäntsälä )",135,157,24,133,122,106.0,122,0
"04920 Saarentaus   (Mäntsälä )",29,181,36,145,156,103.7,152,4
"04940 Levanto   (Mäntsälä )",91,166,30,136,131,116.7,124,7
"05100 Röykkä   (Nurmijärvi )",205,834,81,753,937,104.6,873,64
"05200 Rajamäki   (Nurmijärvi )",85,2020,243,1777,2871,93.2,2207,664
"05250 Kiljava   (Nurmijärvi )",16,79,11,68,88,94.3,74,14
"05400 Jokela   (Tuusula )",17,2008,205,1803,2795,92.0,2037,758
"05430 Nuppulinna   (Tuusula )",36,485,59,426,430,108.9,430,0
"05440 Hyvinkää   (Hyvinkää )",1,113,15,98,101,130.8,101,0
"05450 Nukari   (Nurmijärvi )",35,505,65,440,444,117.9,440,4
"05460 Hakalanmäki-Hakala   (Hyvinkää )",0,794,109,685,1595,83.5,1042,553
"05470 Palopuro   (Hyvinkää )",8,152,5,147,150,98.9,150,0
"05510 Päivärinta   (Hyvinkää )",33,202,21,181,270,80.3,220,50
"05620 Noppo   (Hyvinkää )",89,525,64,461,507,108.9,507,0
"05720 Kytäjä   (Hyvinkää )",48,253,20,233,250,128.6,245,5
"05800 Hyvinkää Keskus   (Hyvinkää )",82,1612,407,1205,5876,65.1,1310,4566
"05810 Martti   (Hyvinkää )",0,1180,130,1050,2103,98.7,1479,624
"05820 Mustamännistö   (Hyvinkää )",12,1521,121,1400,2460,84.0,1623,837
"05830 Kirjavatolppa-Kruununpuisto   (Hyvinkää )",1,1619,103,1516,3751,78.0,2063,1688
"05840 Hyvinkäänkylä-Vehkoja   (Hyvinkää )",6,831,121,710,1849,83.0,1211,638
"05850 Hyvinkää, sairaala-alue   (Hyvinkää )",0,4,4,0,0,0.0,0,0
"05860 Talvisilta   (Hyvinkää )",0,302,8,294,709,80.4,341,368
"05880 Paavola-Vaivero   (Hyvinkää )",0,427,61,366,1927,71.3,543,1384
"05900 Vieremä   (Hyvinkää )",0,557,47,510,2263,71.1,596,1667
"05950 Ridasjärvi   (Hyvinkää )",144,221,52,169,188,99.3,184,4
"06100 Porvoo Keskus   (Porvoo )",28,3657,410,3247,10067,76.8,3867,6200
"06150 Kevätkumpu   (Porvoo )",5,1278,231,1047,3016,78.7,1436,1580
"06200 Porvoo itäinen   (Porvoo )",1054,1305,147,1158,1133,117.8,1099,34
"06400 Gammelbacka   (Porvoo )",17,1360,75,1285,3451,81.4,1880,1571
"06450 Eestinmäki-Ernestas   (Porvoo )",2,559,131,428,975,86.8,532,443
"06500 Saksala-Suomenkylä   (Porvoo )",78,1004,93,911,920,114.2,910,10
"06530 Kerkkoo   (Porvoo )",19,342,35,307,336,108.2,330,6
"06650 Hamari   (Porvoo )",6,503,29,474,661,95.7,605,56
"06750 Tolkkinen   (Porvoo )",63,690,84,606,722,104.7,706,16
"06830 Kulloonkylä   (Porvoo )",85,518,68,450,457,117.3,456,1
"06850 Kulloo   (Porvoo )",16,387,370,17,12,86.7,12,0
"06880 Kärrby   (Sipoo )",536,231,36,195,178,116.3,175,3
"06950 Emäsalo   (Porvoo )",448,268,42,226,214,113.2,214,0
"07110 Hinthaara   (Porvoo )",64,607,46,561,590,114.0,590,0
"07130 Anttila   (Porvoo )",64,308,30,278,268,116.2,267,1
"07150 Laukkoski   (Pornainen )",266,481,55,426,392,114.6,392,0
"07170 Keski-Pornainen   (Pornainen )",118,930,136,794,971,108.0,924,47
"07190 Halkia   (Pornainen )",104,685,109,576,555,120.6,553,2
"07220 Kaarenkylä   (Porvoo )",26,161,10,151,146,116.4,146,0
"07230 Monninkylä   (Askola )",115,658,118,540,684,101.5,677,7
"07280 Ilola   (Porvoo )",147,435,66,369,370,111.7,359,11
"07310 Sannainen   (Porvoo )",57,191,29,162,158,125.5,158,0
"07320 Jakari-Sannäs   (Porvoo )",72,229,22,207,205,109.2,205,0
"07350 Gäddrag   (Porvoo )",53,51,3,48,41,102.9,41,0
"07360 Tirmo   (Porvoo )",132,44,9,35,32,103.8,32,0
"07370 Pellinki   (Porvoo )",497,121,33,88,77,103.7,77,0
"07390 Suurpellinki   (Porvoo )",129,63,7,56,53,117.1,53,0
"07410 Kråkö   (Porvoo )",57,203,26,177,164,116.1,164,0
"07450 Voolahti   (Porvoo )",88,230,31,199,202,109.0,192,10
"07500 Askola Kirkonkylä   (Askola )",32,413,41,372,494,98.2,494,0
"07510 Vakkola   (Askola )",57,360,59,301,294,101.1,279,15
"07530 Onkimaa   (Askola )",57,201,27,174,149,97.4,149,0
"07550 Torpinkylä   (Pukkila )",56,153,13,140,135,105.9,135,0
"07560 Pukkila Keskus   (Pukkila )",168,695,103,592,692,94.7,678,14
"07565 Kantele   (Pukkila )",70,170,20,150,123,108.9,123,0
"07580 Tiilää   (Askola )",14,52,14,38,37,115.8,37,0
"07590 Huuvari-Tiilää   (Askola )",131,326,44,282,274,115.7,274,0
"07600 Myrskylä Keskus   (Myrskylä )",410,935,145,790,857,98.1,857,0
"07680 Juornaankylä   (Askola )",169,291,31,260,255,102.2,252,3
"07690 Kankkila   (Myrskylä )",72,102,15,87,67,108.3,67,0
"07700 Koskenkylän saha-alue   (Loviisa )",61,471,66,405,580,93.5,506,74
"07720 Malmgård   (Loviisa )",7,55,7,48,50,82.9,46,4
"07740 Gammelby   (Loviisa )",128,245,31,214,198,113.8,192,6
"07750 Isnäs   (Loviisa )",601,334,64,270,310,94.6,289,21
"07780 Härkäpää   (Loviisa )",478,172,27,145,113,96.7,113,0
"07800 Lapinjärvi Keskus   (Lapinjärvi )",44,408,80,328,510,82.6,507,3
"07810 Ingermaninkylä   (Lapinjärvi )",60,193,45,148,142,94.5,133,9
"07820 Porlammi   (Lapinjärvi )",164,335,41,294,293,92.6,289,4
"07830 Pukaro   (Lapinjärvi )",57,200,28,172,148,102.7,148,0
"07840 Lindkoski   (Lapinjärvi )",20,134,13,121,98,124.7,98,0
"07850 Heikinkylä   (Lapinjärvi )",24,173,17,156,143,112.0,143,0
"07870 Skinnarby   (Loviisa )",67,276,30,246,220,103.3,220,0
"07880 Liljendal Keskus   (Loviisa )",158,546,77,469,526,93.7,526,0
"07890 Mickelspiltom   (Loviisa )",42,125,12,113,101,105.8,101,0
"07900 Loviisa Keskus   (Loviisa )",886,1547,398,1149,2569,79.0,1355,1214
"07910 Valko   (Loviisa )",169,500,84,416,681,81.1,429,252
"07920 Etelä-Harju   (Loviisa )",6,482,29,453,749,93.5,546,203
"07930 Pernaja Kirkonkylä   (Loviisa )",278,345,56,289,321,104.8,316,5
"07940 Määrlahti   (Loviisa )",25,192,17,175,598,74.3,223,375
"07945 Kuggom   (Loviisa )",30,302,52,250,239,107.7,239,0
"07955 Tesjoki   (Loviisa )",131,559,80,479,575,98.4,575,0
"07960 Ahvenkoski   (Loviisa )",30,105,11,94,89,90.6,89,0
"07970 Ruotsinpyhtää Keskus   (Loviisa )",28,275,53,222,398,79.8,311,87
"07980 Kuninkaankylä   (Loviisa )",112,219,20,199,189,91.7,189,0
"07990 Ruotsinkylä-Koskisto   (Loviisa )",44,172,26,146,143,115.3,143,0
"08100 Lohja Keskus   (Lohja )",434,1530,257,1273,4767,72.1,1483,3284
"08150 Keskilohja   (Lohja )",1,1663,186,1477,2300,93.5,1740,560
"08200 Ojamo   (Lohja )",2,346,66,280,2143,69.9,714,1429
"08350 Routio   (Lohja )",273,505,33,472,1348,80.1,568,780
"08360 Kisakallio   (Lohja )",8,12,12,0,0,0.0,0,0
"08450 Hormajärvi   (Lohja )",215,154,30,124,141,104.9,117,24
"08480 Karstu   (Lohja )",78,136,11,125,121,118.7,121,0
"08500 Ventelä-Millola   (Lohja )",613,2145,289,1856,2877,95.4,2394,483
"08680 Muijala   (Lohja )",102,578,63,515,743,108.0,617,126
"08700 Virkkala   (Lohja )",126,2247,212,2035,3549,89.5,2440,1109
"08800 Kirkniemi   (Lohja )",772,715,97,618,717,108.2,654,63
"09120 Karjalohja   (Lohja )",1405,763,129,634,628,99.1,614,14
"09220 Sammatti   (Lohja )",1128,825,109,716,775,102.6,773,2
"09430 Saukkola   (Lohja )",388,812,97,715,787,101.3,786,1
"09520 Millola   (Lohja )",90,75,4,71,67,109.6,67,0
"09630 Koisjärvi   (Lohja )",314,279,34,245,221,109.4,221,0
"09810 Nummi-Oinola   (Lohja )",305,523,57,466,517,90.0,512,5
"09930 Leppäkorpi   (Lohja )",177,197,21,176,152,108.2,152,0
"10120 Tähtelä   (Inkoo )",83,356,48,308,287,120.4,287,0
"10140 Päivölä   (Inkoo )",62,165,21,144,130,120.2,130,0
"10160 Degerby   (Inkoo )",558,496,89,407,378,130.8,377,1
"10210 Inkoo Keskus   (Inkoo )",541,1149,224,925,1463,96.4,1146,317
"10230 Inkoo Asemanseutu   (Inkoo )",53,219,40,179,163,117.3,162,1
"10250 Fagervik   (Inkoo )",127,133,33,100,83,101.9,82,1
"10270 Barösund   (Inkoo )",759,222,101,121,89,109.2,89,0
"10300 Karjaa Keskus   (Raasepori )",322,2525,337,2188,3936,86.3,2214,1722
"10320 Bäljars   (Raasepori )",0,456,91,365,708,81.9,443,265
"10330 Pinjainen   (Raasepori )",10,269,34,235,352,79.3,302,50
"10350 Meltolan sairaala-alue   (Raasepori )",1,17,8,9,72,48.7,33,39
"10360 Mustio   (Raasepori )",411,721,104,617,644,99.8,628,16
"10380 Kaunislahti   (Raasepori )",19,72,10,62,53,111.9,52,1
"10410 Åminnefors   (Raasepori )",49,184,34,150,269,71.8,165,104
"10420 Pohjankuru   (Raasepori )",309,722,110,612,1100,79.0,729,371
"10440 Bollsta   (Raasepori )",24,168,27,141,186,84.8,186,0
"10470 Fiskari   (Raasepori )",29,243,33,210,301,84.9,232,69
"10480 Antskog   (Raasepori )",109,97,14,83,83,75.2,61,22
"10520 Tenhola Kirkonkylä   (Raasepori )",580,871,108,763,827,105.8,813,14
"10570 Bromarv   (Raasepori )",908,399,75,324,297,96.8,293,4
"10600 Tammisaari Keskus   (Raasepori )",2671,2098,560,1538,3310,81.6,1597,1713
"10620 Högbacka   (Raasepori )",32,787,57,730,931,95.9,770,161
"10640 Dragsvik   (Raasepori )",7,309,10,299,444,101.1,338,106
"10650 Flyet   (Raasepori )",5,698,42,656,1506,86.4,674,832
"10660 Trollböle   (Raasepori )",46,336,43,293,470,90.0,288,182
"10680 Skogby   (Raasepori )",41,173,87,86,121,84.6,105,16
"10710 Snappertuna   (Raasepori )",760,252,47,205,200,107.1,200,0
"10820 Lappohja   (Hanko )",396,361,114,247,416,81.1,262,154
"10900 Hanko Keskus   (Hanko )",536,1530,371,1159,3135,73.4,1179,1956
"10940 Hangonkylä   (Hanko )",17,1031,76,955,1091,98.5,1064,27
"10960 Hanko Pohjoinen   (Hanko )",14,910,177,733,1017,89.8,956,61
"11100 Riihimäki Keskus   (Riihimäki )",4,957,220,737,4472,62.5,803,3669
"11120 Pohjois-Riihimäki   (Riihimäki )",14,1938,160,1778,3622,81.1,2180,1442
"11130 Peltosaari-Patastenmäki   (Riihimäki )",23,2110,173,1937,4829,80.8,2304,2525
"11310 Taka-Kasarmi   (Riihimäki )",1,268,42,226,375,88.1,235,140
"11710 Herajoki   (Riihimäki )",355,1114,234,880,1491,90.4,1120,371
"11910 Lasi-Kumela   (Janakkala )",10,695,65,630,1253,83.3,831,422
"12100 Oitti   (Hausjärvi )",385,1050,166,884,1364,87.9,1192,172
"12130 Mommila   (Hausjärvi )",127,199,20,179,182,94.1,166,16
"12170 Hietoinen   (Hausjärvi )",94,140,11,129,110,124.3,110,0
"12210 Hausjärvi kk   (Hausjärvi )",18,141,31,110,109,108.2,109,0
"12240 Hikiä   (Hausjärvi )",104,716,95,621,756,101.0,694,62
"12310 Ryttylä   (Hausjärvi )",41,697,80,617,901,86.1,785,116
"12350 Turkhauta   (Hausjärvi )",48,254,35,219,218,109.1,215,3
"12380 Leppäkoski   (Janakkala )",38,264,32,232,275,88.8,233,42
"12400 Tervakoski   (Janakkala )",265,1504,177,1327,2424,86.1,1607,817
"12450 Vähikkälä   (Janakkala )",372,143,14,129,120,105.7,120,0
"12520 Kormu   (Loppi )",19,196,17,179,183,110.2,183,0
"12540 Launonen   (Loppi )",182,631,66,565,644,104.4,626,18
"12600 Läyliäinen   (Loppi )",629,910,116,794,895,101.9,854,41
"12630 Sajaniemi   (Loppi )",214,169,17,152,140,107.6,140,0
"12640 Joentaka   (Loppi )",45,169,26,143,141,120.1,141,0
"12700 Loppi kk   (Loppi )",385,823,137,686,1265,85.7,947,318
"12750 Pilpala   (Loppi )",1053,357,35,322,300,104.9,299,1
"12820 Räyskälä   (Loppi )",244,46,13,33,31,84.2,31,0
"12920 Topeno   (Loppi )",315,222,38,184,176,99.3,172,4
"12950 Vojakkala-Eerolankulma   (Loppi )",247,132,21,111,114,92.0,114,0
"13100 Hämeenlinna Keskus   (Hämeenlinna )",2,1467,193,1274,7085,67.7,1687,5398
"13110 Kantola   (Hämeenlinna )",84,155,107,48,117,61.4,85,32
"13130 Kauriala   (Hämeenlinna )",0,1140,241,899,4113,64.0,1135,2978
"13200 Keinusaari   (Hämeenlinna )",0,75,35,40,1023,55.3,6,1017
"13210 Hätilä   (Hämeenlinna )",42,1653,87,1566,4670,75.9,2084,2586
"13220 Sairio   (Hämeenlinna )",0,561,42,519,910,83.8,607,303
"13250 Katuma   (Hämeenlinna )",3,72,12,60,732,61.3,113,619
"13270 Ruununmylly   (Hämeenlinna )",148,508,22,486,629,112.4,589,40
"13300 Käikälä   (Hämeenlinna )",9,849,54,795,1144,98.1,1144,0
"13330 Harviala   (Janakkala )",44,328,37,291,305,114.3,305,0
"13430 Hattelmala   (Hämeenlinna )",52,500,76,424,477,107.7,472,5
"13500 Jukola   (Hattula )",606,2700,181,2519,5591,86.4,3891,1700
"13530 Hämeenlinna sairaala-alue   (Hämeenlinna )",0,6,6,0,0,0.0,0,0
"13600 Ojoinen   (Hämeenlinna )",6,738,63,675,2115,71.3,992,1123
"13700 Parolannummi   (Hattula )",116,201,27,174,254,95.7,167,87
"13720 Parola   (Hattula )",262,1624,255,1369,2215,90.5,1795,420
"13800 Katinala   (Hattula )",317,527,65,462,652,93.2,571,81
"13880 Rahkoila   (Hattula )",79,497,65,432,534,110.2,500,34
"13900 Pekola   (Hattula )",46,424,68,356,372,116.3,362,10
"14140 Jokimaa   (Janakkala )",229,121,13,108,104,102.4,104,0
"14200 Turenki   (Janakkala )",514,2754,405,2349,4687,84.8,3257,1430
"14240 Väli-Janakkala   (Janakkala )",267,469,60,409,427,108.3,412,15
"14300 Renko kk   (Hämeenlinna )",891,1137,164,973,1158,93.8,1115,43
"14330 Kaloinen   (Hämeenlinna )",0,7,1,6,11,82.5,11,0
"14370 Lukana   (Hämeenlinna )",17,31,0,31,26,100.0,26,0
"14430 Vuohiniemi   (Hattula )",275,75,24,51,42,87.2,42,0
"14450 Rimmilä   (Hämeenlinna )",268,84,11,73,65,88.5,65,0
"14500 Iittala   (Hämeenlinna )",792,1479,171,1308,1664,93.9,1424,240
"14530 Leteensuo   (Hattula )",69,139,18,121,112,108.8,111,1
"14610 Lepaa   (Hattula )",95,209,52,157,201,103.9,198,3
"14620 Tyrväntö   (Hattula )",238,121,24,97,92,97.8,91,1
"14680 Alvettula   (Hämeenlinna )",533,364,53,311,294,105.9,290,4
"14690 Torvoila   (Hämeenlinna )",411,128,18,110,99,96.4,99,0
"14700 Hauho kk   (Hämeenlinna )",1159,925,126,799,1151,87.3,987,164
"14770 Eteläinen   (Hämeenlinna )",135,422,37,385,400,107.5,399,1
"14810 Pohjoinen   (Hämeenlinna )",64,152,30,122,131,108.0,127,4
"14820 Syrjäntaka   (Hämeenlinna )",292,423,78,345,421,95.8,421,0
"14840 Sairiala   (Hämeenlinna )",111,143,16,127,122,102.4,107,15
"14870 Juttila   (Hämeenlinna )",353,150,23,127,121,99.6,121,0
"14930 Sappee   (Hämeenlinna )",519,103,16,87,73,97.6,73,0
"14960 Puutikkala   (Pälkäne )",363,74,17,57,53,83.8,53,0
"14980 Kuohijoki   (Pälkäne )",193,55,14,41,30,101.5,27,3
"15100 Lahti Asemanseutu   (Lahti )",0,574,112,462,4143,57.9,489,3654
"15110 Keski-Lahti   (Lahti )",0,191,81,110,3659,58.7,45,3614
"15140 Kartano-Paavola   (Lahti )",0,612,173,439,10582,58.5,280,10302
"15150 Möysä   (Lahti )",3,548,69,479,2901,60.6,508,2393
"15160 Kolava   (Lahti )",54,512,45,467,625,129.7,610,15
"15170 Tenava-Tonttila   (Lahti )",6,400,97,303,2309,67.0,343,1966
"15200 Kiveriö   (Lahti )",0,532,88,444,2236,59.6,410,1826
"15210 Kivistönmäki   (Lahti )",0,446,114,332,2788,56.9,274,2514
"15230 Kytölä   (Lahti )",343,989,123,866,1208,100.4,971,237
"15240 Mukkula   (Lahti )",14,1035,97,938,4199,76.5,1217,2982
"15270 Kukkila   (Hollola )",120,634,47,587,661,119.3,654,7
"15300 Myllypohja-Koiskala   (Lahti )",27,1039,107,932,1893,85.2,1191,702
"15320 Ahtiala   (Lahti )",89,844,27,817,1146,106.0,943,203
"15340 Kunnas-Hiekkanummi   (Lahti )",40,1032,35,997,1087,102.0,1085,2
"15460 Mäkelä   (Lahti )",370,344,49,295,265,116.7,265,0
"15500 Liipola   (Lahti )",1,307,36,271,3037,62.7,252,2785
"15520 Saksala   (Lahti )",0,270,133,137,1500,60.8,253,1247
"15540 Villähde   (Lahti )",130,1735,187,1548,1847,106.8,1723,124
"15550 Rakokivi   (Lahti )",1,848,157,691,1958,76.9,1016,942
"15560 Nastola kk   (Lahti )",421,1157,231,926,2322,81.5,1096,1226
"15580 Ruuhijärvi   (Lahti )",264,156,24,132,113,107.6,113,0
"15610 Laune-Nikkilä   (Lahti )",2,1777,128,1649,2462,89.3,2059,403
"15680 Renkomäki-Ämmälä   (Lahti )",2,1131,90,1041,1115,115.8,1111,4
"15700 Hennala-Jokimaa   (Hollola )",32,1526,249,1277,3481,77.6,1401,2080
"15800 Kärpänen   (Lahti )",5,633,155,478,2085,63.7,543,1542
"15810 Kasakkamäki   (Lahti )",0,407,21,386,602,89.7,498,104
"15820 Okeroinen   (Hollola )",17,453,43,410,413,116.9,409,4
"15830 Metsäkangas   (Lahti )",1,375,24,351,2247,69.7,371,1876
"15840 Riihelä   (Lahti )",0,400,9,391,954,81.0,663,291
"15850 Likolampi   (Lahti )",0,175,28,147,337,76.0,197,140
"15860 Kartano   (Hollola )",1,598,159,439,1905,74.8,612,1293
"15870 Salpakangas   (Hollola )",6,680,67,613,2273,77.8,1086,1187
"15880 Soramäki   (Hollola )",112,1395,150,1245,2253,96.3,1628,625
"15900 Jalkaranta   (Lahti )",4,400,27,373,835,113.6,588,247
"15950 Kiikkula   (Lahti )",8,544,35,509,2175,81.6,795,1380
"15980 Messilä   (Hollola )",42,21,20,1,..,..,..,..
"16100 Uusikylä   (Lahti )",303,648,78,570,708,93.3,594,114
"16160 Okkeri   (Lahti )",90,70,7,63,51,107.7,50,1
"16200 Artjärvi Keskus   (Orimattila )",197,399,66,333,404,92.9,379,25
"16230 Artjärvi Kirkonkylä   (Orimattila )",97,228,40,188,171,106.1,171,0
"16260 Hietana   (Orimattila )",49,127,13,114,98,115.2,98,0
"16270 Villikkala   (Orimattila )",39,94,7,87,70,102.5,70,0
"16280 Kuivanto   (Orimattila )",58,340,31,309,292,99.6,287,5
"16300 Orimattila Keskus   (Orimattila )",398,3620,452,3168,5607,86.3,3818,1789
"16310 Virenoja   (Orimattila )",43,275,24,251,242,116.8,242,0
"16320 Pennala   (Orimattila )",21,443,44,399,395,119.9,395,0
"16330 Heinämaa   (Orimattila )",34,198,22,176,158,106.1,158,0
"16350 Niinikoski   (Orimattila )",73,192,20,172,164,112.5,163,1
"16390 Pakaa   (Orimattila )",44,180,20,160,132,109.0,132,0
"16450 Mallusjoki   (Orimattila )",115,279,30,249,238,103.1,238,0
"16500 Herrala   (Hollola )",103,466,52,414,399,103.1,386,13
"16510 Luhtikylä   (Orimattila )",136,248,30,218,203,114.5,203,0
"16540 Mertie   (Kärkölä )",71,171,22,149,135,114.6,135,0
"16600 Järvelä   (Kärkölä )",113,1226,219,1007,1556,87.1,1386,170
"16610 Kärkölä kk   (Kärkölä )",93,396,49,347,339,113.1,339,0
"16630 Tennilä   (Hollola )",28,147,8,139,129,121.8,129,0
"16670 Lappila   (Kärkölä )",119,386,38,348,340,96.3,335,5
"16710 Hollola kk   (Hollola )",162,434,39,395,402,119.1,392,10
"16730 Kutajärvi   (Hollola )",280,474,45,429,439,114.1,437,2
"16790 Manskivi   (Hollola )",41,85,7,78,59,96.3,59,0
"16800 Hämeenkoski   (Hollola )",543,1061,137,924,1055,100.0,1029,26
"16900 Lammi kk   (Hämeenlinna )",1701,2234,364,1870,2750,90.0,2214,536
"16960 Iso-Evo   (Hämeenlinna )",75,110,6,104,94,97.9,94,0
"16970 Evo   (Hämeenlinna )",40,68,33,35,59,57.2,26,33
"16980 Ronni   (Hämeenlinna )",0,13,9,4,..,..,..,..
"17110 Sipilä   (Hollola )",36,485,28,457,483,118.5,483,0
"17120 Paimela   (Hollola )",390,296,22,274,251,119.6,250,1
"17130 Vesivehmaa   (Asikkala )",140,419,58,361,348,110.1,348,0
"17150 Urajärvi   (Asikkala )",721,236,41,195,178,105.9,177,1
"17200 Vääksy Keskus   (Asikkala )",965,1793,315,1478,3066,86.9,2072,994
"17220 Pietilä   (Asikkala )",719,159,12,147,104,91.2,104,0
"17240 Kalkkinen   (Asikkala )",745,359,52,307,243,97.0,243,0
"17320 Asikkala   (Asikkala )",432,240,48,192,176,96.6,168,8
"17410 Viitaila   (Asikkala )",135,176,15,161,129,116.8,129,0
"17430 Kurhila   (Asikkala )",94,164,22,142,119,114.2,119,0
"17440 Vähimaa   (Asikkala )",6,36,1,35,32,114.0,32,0
"17450 Iso-Äiniö-Vähimaa   (Asikkala )",126,152,22,130,108,108.4,107,1
"17470 Maakeski   (Padasjoki )",221,165,17,148,135,108.0,135,0
"17500 Padasjoki Keskus   (Padasjoki )",911,839,164,675,1103,82.2,880,223
"17510 Nyystölä   (Padasjoki )",221,169,25,144,132,96.7,132,0
"17530 Arrakoski   (Padasjoki )",343,189,31,158,140,95.4,134,6
"17610 Auttoinen   (Padasjoki )",470,271,36,235,186,102.6,186,0
"17630 Vesijako   (Padasjoki )",232,96,11,85,67,93.8,67,0
"17710 Torittu   (Padasjoki )",188,70,14,56,39,114.8,39,0
"17740 Kasiniemi-Torittu   (Padasjoki )",200,67,10,57,35,100.9,35,0
"17780 Harmoinen   (Kuhmoinen )",315,77,16,61,48,110.3,48,0
"17800 Kuhmoinen Keskus   (Kuhmoinen )",1414,1013,189,824,1211,79.3,908,303
"17840 Harjunsalmi   (Kuhmoinen )",120,75,21,54,42,102.0,42,0
"17850 Pihlajakoski   (Kuhmoinen )",321,84,15,69,56,92.8,56,0
"17870 Ruolahti   (Kuhmoinen )",198,61,9,52,44,92.3,44,0
"17930 Päijälä   (Kuhmoinen )",347,102,17,85,59,102.8,59,0
"17950 Kylämä   (Kuhmoinen )",211,35,6,29,24,87.2,24,0
"17970 Puukkoinen   (Kuhmoinen )",98,37,4,33,19,124.9,19,0
"18100 Heinola Keskus   (Heinola )",326,1619,268,1351,4420,72.9,1755,2665
"18120 Reumasairaala-alue   (Heinola )",5,274,12,262,398,86.9,330,68
"18130 Tommola-Sahanniemi   (Heinola )",2,308,58,250,1291,63.9,326,965
"18150 Jyränkö   (Heinola )",9,507,17,490,1385,75.4,683,702
"18200 Kaakonlampi-Pyhätön   (Heinola )",5,479,87,392,1287,66.9,435,852
"18300 Heinola kk   (Heinola )",1738,1307,156,1151,1427,95.5,1233,194
"18600 Myllyoja   (Heinola )",224,417,66,351,381,103.8,360,21
"19110 Vierumäki taajama   (Heinola )",42,332,96,236,341,87.0,293,48
"19120 Vierumäki urheiluopisto   (Heinola )",83,223,156,67,119,90.3,107,12
"19160 Huutotöyry   (Iitti )",828,300,29,271,256,102.7,256,0
"19210 Lusi   (Heinola )",490,309,52,257,240,99.4,240,0
"19230 Onkiniemi   (Sysmä )",405,103,13,90,70,96.6,70,0
"19250 Syrjäkoski   (Heinola )",111,54,6,48,38,85.8,38,0
"19260 Paaso-Syrjäkoski   (Heinola )",253,123,24,99,77,92.7,76,1
"19310 Karilanmaa   (Sysmä )",151,65,4,61,47,98.8,47,0
"19320 Nikkaroinen   (Sysmä )",138,81,5,76,49,99.9,49,0
"19370 Nuoramoinen   (Sysmä )",421,311,24,287,229,99.6,229,0
"19410 Kuortti   (Pertunmaa )",501,274,52,222,283,87.3,283,0
"19420 Mansikkamäki   (Pertunmaa )",157,121,20,101,95,102.0,95,0
"19430 Pertunmaa Keskus   (Pertunmaa )",497,414,88,326,461,76.2,448,13
"19460 Ruorasmäki   (Pertunmaa )",308,101,19,82,68,93.2,68,0
"19470 Lihavanpää-Hartosenpää   (Pertunmaa )",136,119,17,102,97,96.9,95,2
"19480 Hartosenpää   (Pertunmaa )",116,52,2,50,45,87.5,45,0
"19510 Lepsala   (Hartola )",208,41,9,32,25,102.9,25,0
"19540 Koitti-Lepsala   (Hartola )",488,252,24,228,180,96.5,180,0
"19600 Hartola Keskus   (Hartola )",1082,1133,221,912,1450,79.2,1153,297
"19610 Murakka   (Hartola )",133,97,11,86,64,92.8,63,1
"19620 Pohela   (Hartola )",165,128,11,117,100,100.1,100,0
"19630 Kalhonkylä   (Hartola )",41,59,14,45,45,112.3,45,0
"19650 Joutsa Keskus   (Joutsa )",1768,1649,257,1392,2116,79.2,1750,366
"19670 Mieskonmäki   (Joutsa )",191,113,7,106,92,93.8,92,0
"19700 Sysmä Keskus   (Sysmä )",1861,1512,229,1283,1992,78.4,1557,435
"19730 Särkilampi   (Sysmä )",30,22,2,20,16,97.3,16,0
"19740 Liikola   (Sysmä )",501,128,15,113,77,92.5,77,0
"19770 Valittula   (Sysmä )",203,99,17,82,73,99.4,73,0
"19850 Putkijärvi-Siltasuo   (Hartola )",264,107,28,79,64,96.0,64,0
"19910 Tammijärvi   (Luhanka )",265,313,53,260,261,93.7,255,6
"19920 Pappinen   (Joutsa )",120,112,11,101,88,96.5,88,0
"19950 Luhanka   (Luhanka )",564,219,35,184,214,89.7,214,0
"20100 Turku Keskus   (Turku )",177,1525,505,1020,19498,58.0,2529,16969
"20200 Iso-Heikkilä   (Turku )",0,318,219,99,1437,50.3,146,1291
"20210 Pahaniemi   (Turku )",0,300,54,246,2424,66.7,267,2157
"20240 Pansio-Perno   (Turku )",0,632,158,474,3004,66.4,764,2240
"20250 Pitkämäki-Muhkuri   (Turku )",0,308,44,264,354,103.9,326,28
"20300 Pohjola-Kastu   (Turku )",3,1357,144,1213,3768,71.8,1720,2048
"20320 Kuninkoja-Mälikkälä   (Turku )",1,1718,259,1459,9302,72.6,2441,6861
"20360 Kärsämäki-Urusvuori-Halinen   (Turku )",7,1209,293,916,6684,66.0,934,5750
"20380 Räntämäki-Saramäki   (Turku )",10,999,343,656,1283,85.1,1016,267
"20400 Moisio   (Turku )",4,957,38,919,1166,112.7,1166,0
"20460 Jäkärlä   (Turku )",8,798,39,759,1783,79.6,1022,761
"20500 Vesilinna   (Turku )",0,309,121,188,5009,50.3,363,4646
"20520 Kupittaa   (Turku )",0,354,197,157,2441,56.4,133,2308
"20540 Nummi-Ylioppilaskylä   (Turku )",18,2538,247,2291,10803,66.4,3655,7148
"20610 Varissuo   (Turku )",1,969,95,874,7009,69.1,1625,5384
"20660 Littoinen   (Kaarina )",24,2325,160,2165,3001,106.8,2667,334
"20700 Vartiovuori-Samppalinna   (Turku )",2,447,163,284,4351,56.6,298,4053
"20720 Vasaramäki   (Turku )",0,709,62,647,3591,64.4,1000,2591
"20730 Skanssi   (Turku )",0,23,9,14,58,65.8,10,48
"20740 Ilpoinen-Harittu   (Turku )",6,1056,146,910,5227,71.4,1684,3543
"20750 Huhkola-Lauste-Vaala   (Turku )",0,528,84,444,2726,73.1,866,1860
"20760 Piispanristi   (Kaarina )",42,889,150,739,2107,86.5,1092,1015
"20780 Kaarina Keskus   (Kaarina )",20,2392,356,2036,5950,84.7,3095,2855
"20800 Ammattikorkeakoulu   (Turku )",0,3,3,0,0,0.0,0,0
"20810 Martti-Korppolaismäki   (Turku )",0,1415,169,1246,10455,60.5,2205,8250
"20880 Uittamo   (Turku )",0,384,23,361,2462,74.9,531,1931
"20900 Moikoinen-Pikisaari   (Turku )",553,2092,150,1942,3513,112.5,3208,305
"20960 Kakskerta   (Turku )",1693,749,101,648,626,137.5,625,1
"21100 Naantali Keskus   (Naantali )",404,1639,390,1249,4080,77.2,1435,2645
"21110 Taimo-Nuhjala-Lietsala   (Naantali )",63,1675,158,1517,3375,97.4,2344,1031
"21120 Viherjäinen   (Raisio )",44,668,58,610,805,106.6,653,152
"21130 Poikko   (Naantali )",434,328,55,273,252,125.0,251,1
"21140 Rymättylä Keskus   (Naantali )",803,612,104,508,672,95.2,579,93
"21150 Röölä   (Naantali )",1159,266,53,213,163,107.6,161,2
"21160 Merimasku   (Naantali )",853,727,77,650,737,121.0,736,1
"21180 Livonsaari   (Naantali )",274,141,29,112,100,113.2,100,0
"21195 Velkua   (Naantali )",507,156,32,124,125,100.2,125,0
"21200 Raisio Keskus   (Raisio )",11,1912,365,1547,6893,73.2,2212,4681
"21210 Hakinmäki   (Raisio )",1,731,52,679,1212,95.2,812,400
"21220 Somersoja   (Raisio )",5,407,51,356,713,90.8,454,259
"21230 Lemu   (Masku )",208,738,69,669,748,113.4,748,0
"21240 Askainen Keskus   (Masku )",446,415,42,373,411,103.8,411,0
"21250 Masku   (Masku )",321,2607,390,2217,2737,115.9,2528,209
"21260 Ihala   (Raisio )",2,1076,80,996,1570,103.3,1257,313
"21270 Nousiainen   (Nousiainen )",339,2099,291,1808,2090,106.7,1927,163
"21280 Kuloinen   (Raisio )",3,728,58,670,1000,100.1,932,68
"21290 Rusko   (Rusko )",44,1547,213,1334,1637,116.2,1529,108
"21310 Vahto   (Rusko )",91,755,105,650,719,112.5,719,0
"21330 Paattinen   (Turku )",19,808,63,745,802,110.1,782,20
"21340 Tortinmäki   (Turku )",61,295,19,276,258,104.3,258,0
"21350 Ilmarinen   (Lieto )",9,708,28,680,720,115.7,720,0
"21360 Lieto Asemanseutu   (Lieto )",45,882,129,753,807,105.5,800,7
"21370 Aura kk.   (Aura )",30,290,31,259,303,100.7,303,0
"21380 Aura Keskus   (Aura )",80,1285,181,1104,1563,92.1,1507,56
"21410 Vanhalinna   (Lieto )",4,816,64,752,866,121.5,843,23
"21420 Lieto Keskus   (Lieto )",32,2315,367,1948,3554,94.8,2417,1137
"21430 Yliskulma   (Lieto )",32,379,43,336,341,113.6,333,8
"21450 Tarvasjoki Keskus   (Lieto )",120,974,209,765,867,104.2,827,40
"21480 Prunkila   (Marttila )",62,233,52,181,172,112.9,172,0
"21490 Marttila   (Marttila )",59,585,126,459,631,91.5,579,52
"21500 Piikkiö   (Kaarina )",463,2567,341,2226,3209,99.5,2532,677
"21510 Hevonpää   (Paimio )",72,249,38,211,210,119.6,210,0
"21520 Naskarla   (Paimio )",0,8,7,1,..,..,..,..
"21530 Paimio Keskus   (Paimio )",171,2475,287,2188,4343,92.0,2789,1554
"21540 Preitilä   (Paimio )",26,522,29,493,589,108.6,572,17
"21555 Taatila   (Paimio )",33,172,16,156,175,105.9,159,16
"21560 Ollila   (Marttila )",96,344,58,286,277,105.3,269,8
"21570 Sauvo Keskus   (Sauvo )",564,1171,122,1049,1291,102.9,1252,39
"21590 Karuna   (Sauvo )",825,291,28,263,248,113.0,248,0
"21600 Parainen Keskus   (Parainen )",1853,4286,862,3424,5519,93.9,3831,1688
"21610 Kirjala   (Parainen )",413,551,106,445,490,116.5,466,24
"21620 Kuusisto   (Kaarina )",233,795,83,712,852,124.7,852,0
"21630 Lielahti   (Parainen )",449,325,46,279,252,116.4,252,0
"21650 Lillandet   (Parainen )",989,351,86,265,233,108.0,227,6
"21660 Nauvo Keskus   (Parainen )",907,518,129,389,509,90.0,468,41
"21670 Mattnäs-Nötö   (Parainen )",376,227,90,137,116,101.0,116,0
"21680 Nötö   (Parainen )",121,15,4,11,..,..,..,..
"21710 Korppoo Keskus-Utö   (Parainen )",1036,484,109,375,415,89.7,405,10
"21720 Korpoström   (Parainen )",145,32,8,24,19,101.3,19,0
"21740 Utö   (Parainen )",35,46,19,27,37,78.2,37,0
"21750 Norrskata   (Parainen )",629,135,55,80,71,81.8,71,0
"21760 Houtskär Keskus   (Parainen )",822,394,99,295,245,89.5,245,0
"21770 Mossala   (Parainen )",183,121,36,85,65,97.0,65,0
"21800 Kyrö   (Pöytyä )",75,1091,171,920,1206,96.7,1137,69
"21820 Kumila   (Pöytyä )",25,209,16,193,187,107.2,187,0
"21840 Karinainen   (Pöytyä )",16,164,17,147,134,135.1,134,0
"21860 Auvainen   (Pöytyä )",19,204,14,190,188,112.3,188,0
"21870 Riihikoski   (Pöytyä )",56,814,136,678,978,93.8,909,69
"21880 Pöytyä   (Pöytyä )",29,232,26,206,212,108.8,209,3
"21890 Haveri   (Pöytyä )",29,137,5,132,122,128.0,122,0
"21900 Yläne Keskus   (Pöytyä )",639,862,180,682,824,89.6,745,79
"21930 Uusikartano   (Pöytyä )",93,358,31,327,295,98.1,294,1
"22100 Maarianhamina   (Maarianhamina - Mariehamn )",93,3185,639,2546,6955,80.9,2886,4069
"22120 Möckelö   (Jomala )",43,352,67,285,315,121.1,297,18
"22130 Gottby   (Jomala )",116,445,87,358,351,120.5,343,8
"22140 Önningby   (Jomala )",86,437,35,402,455,122.7,418,37
"22150 Jomala Centrum   (Jomala )",111,768,120,648,810,102.5,693,117
"22160 Järsö   (Lemland )",209,195,34,161,155,133.4,155,0
"22220 Emkarby   (Finström )",169,259,71,188,195,106.5,195,0
"22240 Hammarland   (Hammarland )",460,897,234,663,740,100.8,718,22
"22270 Storby   (Eckerö )",476,797,323,474,492,98.3,472,20
"22310 Pålsböle   (Finström )",116,354,91,263,257,108.4,257,0
"22320 Ödkarby   (Saltvik )",196,468,77,391,413,108.5,403,10
"22330 Tjudö   (Finström )",99,205,62,143,141,116.0,141,0
"22340 Geta   (Geta )",384,346,97,249,260,100.6,260,0
"22410 Godby   (Finström )",103,708,143,565,776,96.9,664,112
"22430 Saltvik   (Saltvik )",284,404,85,319,341,101.7,337,4
"22520 Tosarby   (Sund )",133,314,66,248,265,95.2,262,3
"22530 Sund   (Sund )",192,325,70,255,262,93.7,258,4
"22550 Vårdö   (Vårdö )",511,314,104,210,217,102.7,213,4
"22610 Lemland   (Lemland )",628,798,163,635,660,111.1,643,17
"22630 Lumparland   (Lumparland )",312,297,87,210,204,102.8,204,0
"22710 Ålands Degerby   (Föglö )",598,401,92,309,304,98.7,299,5
"22720 Sottunga   (Sottunga )",100,115,48,67,70,94.0,70,0
"22730 Kökar   (Kökar )",234,226,54,172,172,81.7,167,5
"22810 Seglinge   (Kumlinge )",60,43,17,26,22,100.4,22,0
"22820 Kumlinge   (Kumlinge )",145,170,50,120,112,94.5,108,4
"22830 Enklinge   (Kumlinge )",32,52,14,38,38,91.3,38,0
"22840 Lappo   (Brändö )",58,71,18,53,59,80.9,59,0
"22910 Torsholma   (Brändö )",24,54,19,35,42,93.5,42,0
"22920 Brändö-Åland   (Brändö )",93,127,39,88,108,84.7,108,0
"22930 Fiskö   (Brändö )",42,40,12,28,24,88.6,24,0
"22940 Åva   (Brändö )",47,60,16,44,49,105.2,49,0
"22950 Jurmo   (Brändö )",31,37,3,34,29,77.4,29,0
"23100 Mynämäki Keskus   (Mynämäki )",763,2798,349,2449,3025,96.5,2698,327
"23120 Mietoinen Keskus   (Mynämäki )",97,438,65,373,423,106.3,420,3
"23140 Hietamäki   (Mynämäki )",174,355,37,318,318,106.6,314,4
"23200 Vinkkilä   (Vehmaa )",365,824,152,672,875,95.5,781,94
"23210 Vehmaa   (Vehmaa )",315,352,41,311,292,104.4,289,3
"23260 Rautila   (Vehmaa )",178,130,25,105,97,115.4,92,5
"23310 Taivassalo   (Taivassalo )",1999,1120,297,823,905,101.2,836,69
"23360 Kustavi   (Kustavi )",3042,779,267,512,567,92.3,542,25
"23390 Iniö   (Parainen )",622,206,57,149,146,95.9,146,0
"23450 Lokalahti   (Uusikaupunki )",1261,570,99,471,503,96.9,503,0
"23500 Uusikaupunki Keskus   (Uusikaupunki )",1212,3220,612,2608,6694,80.0,3420,3274
"23600 Kalanti Keskus   (Uusikaupunki )",263,967,122,845,1059,97.0,1034,25
"23660 Kalanti Asemanseutu   (Uusikaupunki )",71,199,11,188,167,114.1,167,0
"23800 Laitila Keskus   (Laitila )",1167,3259,494,2765,4152,90.9,3092,1060
"23840 Soukainen   (Laitila )",43,98,8,90,89,113.1,89,0
"23880 Suontaka   (Laitila )",8,62,6,56,50,99.9,50,0
"23930 Pyhämaa   (Uusikaupunki )",1045,391,61,330,307,96.2,306,1
"23950 Pyhäranta   (Pyhäranta )",164,309,50,259,284,100.1,284,0
"23960 Santtio   (Pyhäranta )",191,149,19,130,119,104.3,119,0
"24100 Salo Keskus   (Salo )",3,1983,468,1515,6035,68.4,2339,3696
"24130 Ylhäisi   (Salo )",38,1250,138,1112,1850,90.0,1471,379
"24240 Rappula   (Salo )",6,974,163,811,2237,79.4,1129,1108
"24260 Ollikkala   (Salo )",19,995,100,895,2610,75.8,1419,1191
"24280 Tupuri-Hähkänä   (Salo )",13,1524,117,1407,2184,104.9,2110,74
"24800 Halikko Keskus   (Salo )",26,1157,98,1059,2545,84.2,1644,901
"24910 Halikko Asemanseutu   (Salo )",39,493,90,403,432,118.1,432,0
"25110 Kruusila   (Salo )",525,216,29,187,183,100.9,183,0
"25130 Muurla   (Salo )",272,749,102,647,752,105.8,752,0
"25160 Tuohittu   (Salo )",66,67,8,59,56,107.9,56,0
"25170 Kotalato   (Salo )",69,80,12,68,65,99.1,61,4
"25180 Romsila   (Salo )",275,139,18,121,112,111.0,112,0
"25190 Inkere   (Salo )",18,360,35,325,476,93.3,440,36
"25210 Vartsala   (Salo )",87,190,13,177,177,121.9,176,1
"25230 Angelniemi   (Salo )",219,202,15,187,182,102.7,182,0
"25240 Hajala   (Salo )",90,363,25,338,327,107.6,322,5
"25250 Märynummi   (Salo )",5,355,32,323,525,92.9,428,97
"25260 Vaskio   (Salo )",139,523,52,471,504,103.5,494,10
"25320 Raatala   (Salo )",57,243,27,216,217,103.8,217,0
"25330 Kuusjoki Keskus   (Salo )",48,416,47,369,451,92.0,447,4
"25340 Kanunki   (Salo )",54,223,27,196,203,103.2,203,0
"25360 Pertteli Keskus   (Salo )",15,460,51,409,567,97.5,555,12
"25370 Hiisi   (Salo )",123,349,16,333,327,101.0,327,0
"25380 Rekijoki   (Salo )",106,293,31,262,289,94.0,286,3
"25390 Kiikala Keskus   (Salo )",432,469,77,392,491,92.2,491,0
"25410 Suomusjärvi Keskus   (Salo )",960,555,69,486,636,91.0,622,14
"25420 Lahnajärvi   (Salo )",336,127,25,102,88,97.6,88,0
"25430 Kettula   (Salo )",237,51,4,47,40,110.0,40,0
"25460 Toija   (Salo )",551,595,72,523,653,91.3,626,27
"25470 Kisko kk   (Salo )",624,228,24,204,180,90.3,180,0
"25500 Perniö Keskus   (Salo )",467,1307,166,1141,1872,90.4,1372,500
"25520 Perniö Asemanseutu   (Salo )",94,349,45,304,314,110.7,314,0
"25540 Knaapila   (Salo )",83,130,12,118,111,123.3,111,0
"25550 Aijala   (Salo )",94,69,8,61,96,72.4,53,43
"25560 Koski Asemanseutu   (Salo )",96,164,14,150,129,92.8,129,0
"25570 Teijo-Mathildedal   (Salo )",143,328,44,284,362,93.0,314,48
"25610 Ylönkylä   (Salo )",195,245,26,219,197,108.1,193,4
"25630 Finby   (Salo )",242,167,30,137,186,96.7,176,10
"25640 Förby   (Salo )",376,203,41,162,169,89.5,166,3
"25650 Strömma   (Kemiönsaari )",133,106,9,97,82,106.8,79,3
"25660 Mathildedal   (Salo )",168,146,19,127,132,93.5,118,14
"25700 Kemiö Keskus   (Kemiönsaari )",685,1226,144,1082,1364,92.7,1195,169
"25710 Vreta-Vestlax   (Kemiönsaari )",94,188,28,160,174,102.9,151,23
"25730 Mjösund   (Kemiönsaari )",241,108,22,86,88,72.8,70,18
"25760 Kiila   (Kemiönsaari )",268,91,10,81,71,116.1,71,0
"25810 Mark   (Kemiönsaari )",20,47,4,43,42,92.0,40,2
"25820 Vestlax   (Kemiönsaari )",108,75,5,70,72,92.5,69,3
"25830 Västanfjärd Keskus   (Kemiönsaari )",591,319,43,276,311,100.6,273,38
"25840 Nivelax   (Kemiönsaari )",47,155,16,139,137,100.6,137,0
"25860 Björkboda   (Kemiönsaari )",70,202,26,176,263,83.0,197,66
"25870 Dragsfjärd   (Kemiönsaari )",360,561,79,482,538,94.3,457,81
"25900 Taalintehdas   (Kemiönsaari )",963,642,86,556,1164,71.5,531,633
"25910 Vänoxa   (Kemiönsaari )",94,8,2,6,..,..,..,..
"25930 Kasnäs   (Kemiönsaari )",215,75,38,37,37,119.5,37,0
"25940 Hiittinen   (Kemiönsaari )",383,72,16,56,49,93.2,49,0
"25950 Rosala-Kasnäs-Hitis   (Kemiönsaari )",369,123,35,88,71,96.3,71,0
"25960 Högsåra   (Kemiönsaari )",110,47,18,29,29,91.6,29,0
"26100 Rauma Keskus   (Rauma )",89,3374,880,2494,10513,71.2,3271,7242
"26200 Merirauma-Kappelinluhta   (Rauma )",393,1393,76,1317,2630,94.8,1875,755
"26410 Kaaro   (Rauma )",330,640,51,589,596,112.4,596,0
"26510 Uotila   (Rauma )",17,1148,157,991,1258,99.1,1102,156
"26560 Kolla   (Rauma )",25,344,47,297,292,118.3,292,0
"26660 Paroalho   (Rauma )",49,1073,59,1014,2792,80.7,1523,1269
"26720 Monnanummi   (Rauma )",2,136,12,124,146,114.6,146,0
"26740 Vasarainen   (Rauma )",77,269,28,241,239,111.3,239,0
"26820 Sampaanala   (Rauma )",59,469,117,352,883,78.0,495,388
"26840 Kortela   (Rauma )",73,299,15,284,357,103.0,357,0
"26910 Unaja   (Rauma )",20,319,37,282,275,109.8,275,0
"26930 Vermuntila   (Rauma )",122,316,28,288,277,107.8,277,0
"26950 Voiluoto   (Rauma )",321,210,16,194,185,108.7,185,0
"27100 Eurajoki Keskus   (Eurajoki )",137,1427,253,1174,1645,97.8,1527,118
"27110 Irjanne   (Eurajoki )",41,345,38,307,275,97.4,275,0
"27130 Eurajoki asemanseutu   (Eurajoki )",35,218,31,187,164,101.7,164,0
"27150 Lapijoki   (Eurajoki )",305,706,165,541,573,107.8,573,0
"27160 Olkiluoto   (Eurajoki )",14,66,66,0,0,0.0,0,0
"27170 Kuivalahti   (Eurajoki )",515,271,52,219,188,98.1,188,0
"27220 Ala-Kieri   (Rauma )",86,309,24,285,272,107.5,272,0
"27230 Lappi   (Rauma )",417,954,146,808,1010,100.4,900,110
"27250 Kodiksami   (Rauma )",19,89,12,77,70,103.6,70,0
"27260 Kuolimaa   (Rauma )",145,138,16,122,98,104.2,98,0
"27310 Kodisjoki   (Rauma )",143,275,31,244,247,100.7,233,14
"27320 Ihode   (Pyhäranta )",50,392,69,323,360,103.7,360,0
"27340 Reila   (Pyhäranta )",526,293,34,259,249,106.3,249,0
"27400 Kiukainen Keskus   (Eura )",19,673,87,586,664,97.2,631,33
"27420 Panelia Asemanseutu   (Eura )",7,171,25,146,134,107.1,134,0
"27430 Panelia   (Eura )",34,641,80,561,662,96.5,629,33
"27450 Harola   (Eura )",14,121,10,111,109,104.4,109,0
"27500 Kauttua   (Eura )",301,1344,174,1170,1664,92.9,1373,291
"27510 Eura Keskus   (Eura )",272,1882,300,1582,2212,92.5,1821,391
"27600 Hinnerjoki   (Eura )",147,483,75,408,406,94.8,403,3
"27640 Honkilahti kk   (Eura )",83,206,22,184,162,98.9,162,0
"27650 Honkilahti   (Eura )",316,224,35,189,190,92.9,190,0
"27670 Mannila   (Eura )",204,124,22,102,94,108.6,94,0
"27710 Köyliö Keskus   (Säkylä )",87,570,70,500,565,93.8,519,46
"27730 Tuiskula   (Säkylä )",16,113,14,99,92,107.5,92,0
"27740 Voitoinen   (Säkylä )",14,104,5,99,94,91.6,94,0
"27750 Yttilä   (Säkylä )",212,254,37,217,194,95.3,194,0
"27800 Säkylä Keskus   (Säkylä )",261,1461,219,1242,1733,97.3,1447,286
"27820 Iso-Vimma   (Säkylä )",82,411,86,325,415,96.5,360,55
"27840 Kakkuri   (Säkylä )",47,243,28,215,235,102.6,222,13
"27860 Vuori   (Säkylä )",18,227,37,190,168,108.6,168,0
"27910 Huovinrinne   (Säkylä )",0,28,7,21,216,62.3,107,109
"27920 Otajoki   (Säkylä )",239,200,47,153,142,103.2,142,0
"28100 Pori Keskus   (Pori )",364,1390,544,846,9683,58.8,1034,8649
"28120 Käppärä-Isomäki   (Pori )",0,851,83,768,2369,63.9,1162,1207
"28130 Impola   (Pori )",3,1336,303,1033,4109,63.4,1163,2946
"28190 Pormestarinluoto   (Pori )",356,743,122,621,2328,69.3,818,1510
"28200 Toejoki   (Pori )",1,1785,114,1671,2276,96.3,2256,20
"28220 Ruosniemi   (Pori )",9,1781,159,1622,2093,97.6,2072,21
"28240 Isojoenranta   (Pori )",4,345,27,318,346,105.0,346,0
"28260 Harjunpää   (Ulvila )",4,476,32,444,454,102.4,438,16
"28300 Kalaholma-Väinölä   (Pori )",42,879,71,808,1113,107.2,1109,4
"28330 Koivistonluoto   (Pori )",3,653,127,526,1576,76.9,687,889
"28360 Vanhakoivisto   (Pori )",0,1143,153,990,2442,79.5,1365,1077
"28370 Sampola   (Pori )",1,432,34,398,2094,66.2,449,1645
"28400 Ulvila Keskus   (Ulvila )",4,1962,235,1727,2857,93.8,2256,601
"28430 Kartano-Harmaalinna   (Pori )",0,715,174,541,753,97.7,749,4
"28450 Vanha-Ulvila   (Ulvila )",6,1465,109,1356,2074,97.1,1631,443
"28500 Keskussairaala-alue-Tiilimäki   (Pori )",0,99,57,42,673,45.5,316,357
"28540 Pinomäki   (Pori )",2,265,39,226,277,104.0,277,0
"28560 Lattomeri   (Pori )",10,260,27,233,220,107.0,220,0
"28580 Niittymaa   (Pori )",5,299,27,272,270,110.5,270,0
"28600 Vähärauma   (Pori )",17,1606,244,1362,2291,95.1,1768,523
"28610 Musa-Tiiliruukki   (Pori )",1,1357,180,1177,2136,82.9,1483,653
"28660 Pietniemi-Leppäkorpi   (Pori )",465,1468,141,1327,1810,100.0,1694,116
"28760 Kyläsaari   (Pori )",73,1077,199,878,1022,102.4,1022,0
"28800 Pihlava   (Pori )",46,1564,193,1371,2370,84.1,1622,748
"28840 Yyteri-Kaanaa   (Pori )",268,462,124,338,525,84.2,341,184
"28880 Mäntyluoto   (Pori )",19,231,141,90,319,70.9,119,200
"28900 Tahkoluoto-Reposaari   (Pori )",962,711,222,489,655,83.4,561,94
"29100 Luvia Keskus   (Luvia )",1233,1523,225,1298,1433,106.0,1404,29
"29180 Peränkylä   (Luvia )",153,155,20,135,121,103.7,121,0
"29200 Harjavalta Keskus   (Harjavalta )",48,2816,505,2311,4241,85.4,2934,1307
"29250 Nakkila Keskus   (Nakkila )",44,2233,397,1836,2476,94.4,2068,408
"29270 Hormisto   (Nakkila )",18,286,44,242,219,99.7,219,0
"29280 Järvimaa   (Nakkila )",4,172,18,154,142,104.0,142,0
"29310 Kaasmarkku   (Ulvila )",12,305,25,280,286,106.6,277,9
"29320 Leineperi   (Ulvila )",30,115,5,110,106,100.5,106,0
"29340 Kullaa Keskus   (Ulvila )",264,535,81,454,505,94.6,505,0
"29350 Palus   (Ulvila )",90,170,13,157,155,103.1,153,2
"29570 Söörmarkku   (Pori )",11,480,76,404,405,119.2,405,0
"29600 Noormarkku Keskus   (Pori )",355,2024,274,1750,2259,102.1,2027,232
"29630 Pomarkku Keskus   (Pomarkku )",748,1053,188,865,1025,94.1,953,72
"29640 Honkakoski   (Pomarkku )",214,220,40,180,164,96.5,164,0
"29680 Kairila   (Pori )",162,260,34,226,189,90.9,189,0
"29700 Ahlainen   (Pori )",911,615,130,485,443,90.3,443,0
"29720 Lamppi   (Pori )",154,140,22,118,106,91.4,106,0
"29740 Etelämaa   (Merikarvia )",34,61,4,57,52,101.6,52,0
"29750 Pohjansaha   (Merikarvia )",127,80,18,62,57,91.2,57,0
"29760 Köörtilä   (Merikarvia )",408,118,49,69,53,97.7,53,0
"29790 Tuorila   (Merikarvia )",57,239,64,175,165,104.3,165,0
"29810 Siikainen Keskus   (Siikainen )",354,569,136,433,547,83.6,510,37
"29830 Sammi   (Siikainen )",58,131,21,110,98,102.3,98,0
"29860 Otamo   (Siikainen )",50,100,21,79,75,95.0,75,0
"29880 Leväsjoki-Saarineva   (Siikainen )",407,153,35,118,121,91.4,121,0
"29900 Merikarvia Keskus-Rannikko   (Merikarvia )",1151,1347,336,1011,1240,87.3,1074,166
"29940 Kuvaskangas   (Merikarvia )",82,208,28,180,161,103.0,161,0
"30100 Forssa Keskus   (Tammela )",910,3432,596,2836,5942,82.1,3269,2673
"30300 Viksberg   (Forssa )",0,372,98,274,1839,63.1,253,1586
"30420 Tölö   (Forssa )",2,1290,212,1078,2665,78.2,1239,1426
"31110 Matku   (Forssa )",344,383,51,332,308,95.3,299,9
"31130 Koijärvi   (Forssa )",123,157,28,129,140,98.3,140,0
"31140 Menonen   (Urjala )",60,137,16,121,102,107.5,102,0
"31160 Nuutajärvi   (Urjala )",111,205,32,173,223,83.3,217,6
"31170 Savijoki   (Forssa )",193,147,22,125,111,100.5,111,0
"31230 Susikas   (Tammela )",411,156,29,127,109,103.3,109,0
"31250 Teuro   (Tammela )",299,162,31,131,114,108.7,114,0
"31300 Tammela Keskus   (Tammela )",499,1247,215,1032,1608,92.8,1301,307
"31310 Mustiala   (Tammela )",14,73,29,44,49,99.3,49,0
"31340 Porras   (Tammela )",454,365,62,303,275,106.1,275,0
"31350 Vistinkoski   (Tammela )",425,203,51,152,142,90.4,131,11
"31370 Eerikkilän Urheiluopisto   (Tammela )",0,11,10,1,..,..,..,..
"31380 Letku-Torro   (Tammela )",449,236,63,173,163,106.9,155,8
"31400 Somero Keskus   (Somero )",371,2588,431,2157,3611,85.4,2936,675
"31410 Ylöpirtti   (Somero )",116,242,35,207,191,109.2,191,0
"31450 Häntälä   (Somero )",119,228,27,201,178,112.9,178,0
"31460 Hirsjärvi   (Somero )",201,176,19,157,139,113.0,139,0
"31470 Somerniemi   (Somero )",935,477,90,387,362,102.0,362,0
"31490 Terttilä   (Somero )",119,168,18,150,132,111.0,132,0
"31500 Koski Tl   (Koski Tl )",275,1329,201,1128,1319,96.7,1239,80
"31520 Pitkäjärvi   (Somero )",157,361,59,302,257,112.8,257,0
"31530 Pyöli   (Somero )",114,226,27,199,176,107.1,176,0
"31600 Jokioinen Keskus   (Jokioinen )",98,1472,193,1279,1939,89.6,1630,309
"31610 Vaulammi   (Jokioinen )",55,251,22,229,231,99.8,228,3
"31620 Latovainio   (Jokioinen )",40,201,22,179,198,103.8,198,0
"31630 Minkiö   (Jokioinen )",120,311,36,275,268,112.6,264,4
"31640 Humppila Keskus   (Humppila )",312,1070,189,881,1160,93.4,933,227
"31650 Venäjänkangas   (Humppila )",36,128,30,98,93,115.1,93,0
"31700 Urjala Asemanseutu-Hanhisuo   (Urjala )",591,880,132,748,758,97.0,724,34
"31720 Urjalankylä-Kehro   (Urjala )",355,268,33,235,215,91.9,204,11
"31730 Honkola   (Urjala )",57,88,10,78,69,116.2,69,0
"31750 Kehro   (Urjala )",34,48,7,41,38,86.0,38,0
"31760 Urjala Keskus   (Urjala )",128,762,138,624,1147,80.6,902,245
"31810 Oriniemi   (Punkalaidun )",110,251,15,236,207,113.7,207,0
"31830 Halkivaha   (Urjala )",98,196,22,174,145,99.1,145,0
"31850 Koskioinen   (Punkalaidun )",41,109,6,103,78,109.4,78,0
"31860 Tursa   (Urjala )",162,230,28,202,162,103.8,162,0
"31900 Punkalaidun Keskus   (Punkalaidun )",118,1009,171,838,1141,86.6,1028,113
"31930 Vanttila   (Punkalaidun )",19,75,8,67,54,118.6,54,0
"31950 Sadonmaa   (Punkalaidun )",195,110,10,100,86,109.8,86,0
"31960 Orisuo   (Loimaa )",11,54,9,45,41,112.6,41,0
"31970 Kanteenmaa   (Punkalaidun )",32,104,11,93,84,111.8,84,0
"32100 Ypäjä Keskus   (Ypäjä )",186,1058,150,908,1160,91.4,1070,90
"32140 Ypäjä Asemanseutu   (Ypäjä )",95,193,28,165,147,102.8,147,0
"32200 Loimaa Keskus   (Loimaa )",108,3055,530,2525,4837,82.2,3057,1780
"32210 Loimaa kk   (Loimaa )",37,904,101,803,1355,90.2,912,443
"32250 Kojonkulma   (Loimaa )",27,198,41,157,138,115.0,138,0
"32260 Kojonperä   (Loimaa )",35,105,6,99,83,118.8,83,0
"32270 Metsämaa-Murto   (Loimaa )",53,277,35,242,263,95.6,258,5
"32280 Metsäkorpi   (Loimaa )",39,111,17,94,93,93.8,93,0
"32300 Mellilä   (Loimaa )",143,847,144,703,710,96.6,700,10
"32410 Niinijoki   (Loimaa )",39,313,33,280,283,119.4,283,0
"32430 Ylhäinen   (Loimaa )",17,75,15,60,48,121.1,48,0
"32440 Alastaro Keskus   (Loimaa )",112,977,215,762,1001,92.9,914,87
"32450 Tammiainen   (Loimaa )",66,207,32,175,140,106.6,140,0
"32500 Oripää Keskus   (Oripää )",67,619,98,521,626,92.2,586,40
"32520 Latva   (Oripää )",14,100,9,91,69,123.1,69,0
"32560 Virttaa   (Loimaa )",102,324,87,237,223,101.4,223,0
"32610 Vampula Keskus   (Huittinen )",114,645,128,517,563,98.3,563,0
"32620 Rutava   (Huittinen )",49,294,48,246,204,99.5,204,0
"32700 Huittinen Keskus   (Huittinen )",204,3078,430,2648,4416,88.0,3346,1070
"32710 Sampu   (Huittinen )",80,344,35,309,287,117.6,287,0
"32730 Keikyä   (Sastamala )",91,450,77,373,381,99.8,379,2
"32740 Äetsä Keskus   (Sastamala )",53,780,111,669,1078,84.8,919,159
"32760 Suttila   (Huittinen )",31,115,8,107,87,106.3,87,0
"32770 Huhtamo   (Huittinen )",22,147,12,135,116,106.6,116,0
"32800 Kokemäki Keskus   (Kokemäki )",353,1941,311,1630,2314,90.7,1893,421
"32810 Peipohja   (Kokemäki )",78,945,139,806,997,96.2,915,82
"32830 Riste   (Kokemäki )",160,309,45,264,263,102.9,256,7
"32860 Korkeaoja   (Kokemäki )",183,94,8,86,83,107.0,83,0
"32910 Kauvatsa Asemanseutu   (Kokemäki )",87,216,12,204,175,98.9,175,0
"32920 Kauvatsa   (Kokemäki )",497,409,42,367,352,92.6,346,6
"33100 Tampere Keskus   (Tampere )",0,920,234,686,11237,57.7,516,10721
"33180 Lapinniemi-Käpylä   (Tampere )",0,175,35,140,1172,68.0,136,1036
"33200 Tampere Keskus Läntinen   (Tampere )",0,192,64,128,4642,58.0,16,4626
"33210 Itä-Amuri-Tammerkoski   (Tampere )",0,155,49,106,4062,59.0,18,4044
"33230 Länsi-Amuri   (Tampere )",0,309,92,217,3841,63.6,127,3714
"33240 Tahmela   (Tampere )",1,316,9,307,965,78.7,438,527
"33250 Pispala   (Tampere )",2,514,38,476,1470,64.9,591,879
"33270 Epilä   (Tampere )",1,835,73,762,4131,70.3,1376,2755
"33300 Rahola   (Tampere )",138,812,109,703,2693,77.0,1203,1490
"33310 Tesoma   (Tampere )",1,438,58,380,4159,66.7,598,3561
"33330 Myllypuro-Kalkku   (Tampere )",0,510,128,382,1808,68.7,479,1329
"33340 Haukiluoma-Ikuri   (Tampere )",0,1152,49,1103,2336,88.0,1818,518
"33380 Pitkäniemi   (Nokia )",0,36,34,2,..,..,..,..
"33400 Luoteis-Tampere   (Tampere )",2,1619,122,1497,3756,83.7,2221,1535
"33410 Lentävänniemi   (Tampere )",1,324,10,314,2596,70.8,649,1947
"33420 Lamminpää   (Tampere )",1,691,56,635,1032,88.5,770,262
"33430 Vuorentausta   (Ylöjärvi )",2,725,20,705,1323,88.0,1306,17
"33450 Siivikkala   (Ylöjärvi )",26,837,34,803,1131,109.2,1128,3
"33470 Ylöjärvi Keskus   (Ylöjärvi )",26,1440,361,1079,3168,78.8,1557,1611
"33480 Manninmäki-Haavisto   (Ylöjärvi )",264,1643,87,1556,3004,94.3,2363,641
"33500 Osmonmäki-Petsamo   (Tampere )",14,523,49,474,7509,55.1,462,7047
"33520 Keskussairaala-alue-Kauppi   (Tampere )",0,157,39,118,662,60.1,161,501
"33530 Kissanmaa   (Tampere )",0,588,30,558,2949,63.3,806,2143
"33540 Kaleva   (Tampere )",0,244,75,169,5857,51.9,45,5812
"33560 Takahuhti   (Tampere )",165,1463,130,1333,5106,74.4,1998,3108
"33580 Atala-Linnainmaa   (Tampere )",1,2431,87,2344,7204,79.6,3771,3433
"33610 Olkahinen-Tasanne   (Tampere )",36,977,34,943,1670,93.4,1636,34
"33680 Aitolahti   (Tampere )",758,856,92,764,739,117.3,734,5
"33700 Messukylä   (Tampere )",0,440,95,345,791,83.1,523,268
"33710 Kaukajärvi   (Tampere )",10,2016,129,1887,9244,72.9,3115,6129
"33720 Hervanta   (Tampere )",32,1237,328,909,14726,58.8,1277,13449
"33730 Leinola-Vehmainen   (Tampere )",2,584,80,504,806,96.7,757,49
"33800 Nekala   (Tampere )",260,770,132,638,3207,54.7,802,2405
"33820 Koivistonkylä   (Tampere )",38,1863,76,1787,4448,81.2,2613,1835
"33840 Peltolammi   (Tampere )",17,311,102,209,1946,65.2,374,1572
"33850 Multisilta   (Pirkkala )",25,183,23,160,1425,67.5,121,1304
"33870 Vuores   (Lempäälä )",56,221,10,211,812,72.8,248,564
"33880 Höytämö   (Lempäälä )",92,1011,147,864,1764,90.8,1116,648
"33900 Härmälä-Rantaperkiö   (Tampere )",0,1152,342,810,6384,60.2,805,5579
"33920 Toivio   (Pirkkala )",1,396,29,367,453,106.4,453,0
"33950 Killo   (Pirkkala )",20,839,90,749,2618,84.6,1134,1484
"33960 Suuppa   (Pirkkala )",128,2272,391,1881,4651,87.3,2869,1782
"33980 Pirkkala kk   (Pirkkala )",311,655,113,542,539,123.1,538,1
"34110 Lakiala   (Ylöjärvi )",108,464,26,438,442,128.6,438,4
"34130 Ylinen   (Ylöjärvi )",372,496,79,417,574,102.8,424,150
"34140 Mutala   (Ylöjärvi )",466,323,25,298,290,119.9,278,12
"34150 Kyrönlahti   (Ylöjärvi )",309,210,22,188,178,107.9,178,0
"34180 Länsi-Teisko   (Ylöjärvi )",330,111,20,91,83,98.4,80,3
"34240 Kämmenteisko   (Tampere )",809,634,66,568,647,113.9,642,5
"34260 Terälahti   (Tampere )",955,547,67,480,487,98.2,452,35
"34270 Velaatta   (Tampere )",250,235,26,209,188,90.5,178,10
"34300 Kuru Keskus   (Ylöjärvi )",563,776,131,645,914,84.1,833,81
"34320 Parkkuu   (Ylöjärvi )",269,155,20,135,122,108.7,122,0
"34330 Poikelus   (Ylöjärvi )",205,135,9,126,118,114.5,118,0
"34410 Murole   (Ruovesi )",159,133,16,117,106,88.0,106,0
"34420 Muroleen Kanava   (Ruovesi )",147,48,12,36,26,99.0,26,0
"34430 Kekkonen   (Ruovesi )",158,106,10,96,75,102.5,75,0
"34450 Jäminkipohja   (Ruovesi )",196,291,57,234,259,86.2,177,82
"34510 Luode   (Ylöjärvi )",127,79,12,67,57,86.1,57,0
"34530 Länsi-Aure   (Ylöjärvi )",134,64,12,52,42,85.6,42,0
"34550 Itä-Aure   (Ylöjärvi )",304,141,16,125,106,97.1,106,0
"34600 Ruovesi Keskus-Nenonen   (Ruovesi )",657,1267,284,983,1576,80.5,1181,395
"34640 Mustajärvi   (Ruovesi )",176,163,24,139,112,92.6,112,0
"34710 Vaskivesi   (Virrat )",370,263,44,219,192,106.7,192,0
"34730 Vaskuu   (Virrat )",111,100,12,88,62,90.2,62,0
"34740 Koro   (Virrat )",92,84,13,71,52,105.8,52,0
"34770 Kurjenkylä   (Virrat )",104,161,18,143,121,100.3,121,0
"34800 Virrat Keskus   (Virrat )",978,1766,346,1420,2801,82.9,1838,963
"34870 Visuvesi   (Ruovesi )",456,390,62,328,357,85.6,278,79
"34910 Äijänneva   (Virrat )",34,66,6,60,52,99.2,52,0
"34930 Liedenpohja   (Virrat )",180,214,40,174,152,106.5,152,0
"34950 Ohtola   (Virrat )",169,131,8,123,101,101.6,100,1
"34970 Toisvesi   (Virrat )",38,87,8,79,58,100.2,58,0
"34980 Killinkoski   (Virrat )",75,247,24,223,263,81.9,191,72
"35100 Orivesi Asemanseutu   (Orivesi )",451,1240,96,1144,1445,95.0,1303,142
"35220 Eräjärvi   (Orivesi )",341,349,36,313,320,89.6,316,4
"35240 Ristakallio   (Orivesi )",184,150,13,137,104,106.9,104,0
"35260 Leväslahti   (Orivesi )",46,9,0,9,..,..,..,..
"35270 Västilä   (Orivesi )",422,146,18,128,98,100.2,98,0
"35300 Orivesi Keskus   (Orivesi )",1289,1625,240,1385,2747,82.0,1733,1014
"35320 Hirsilä   (Orivesi )",105,300,37,263,261,96.2,257,4
"35400 Länkipohja   (Jämsä )",742,556,90,466,585,85.1,496,89
"35420 Talviainen   (Orivesi )",322,119,21,98,69,97.6,69,0
"35480 Längelmäki   (Orivesi )",182,65,6,59,58,89.7,47,11
"35500 Korkeakoski   (Juupajoki )",58,613,178,435,624,81.8,537,87
"35520 Pirttikangas   (Juupajoki )",25,58,5,53,46,105.0,46,0
"35530 Lyly   (Juupajoki )",227,223,39,184,199,84.4,167,32
"35540 Juupajoki   (Juupajoki )",235,253,51,202,195,112.4,195,0
"35550 Salokunta   (Juupajoki )",58,87,12,75,75,119.5,75,0
"35600 Halli   (Jämsä )",291,676,128,548,839,84.0,731,108
"35610 Pihlaisto   (Jämsä )",55,72,5,67,48,94.7,48,0
"35630 Suinula-Valkamanperä   (Jämsä )",115,135,25,110,97,92.8,97,0
"35700 Vilppula Keskus   (Mänttä-Vilppula )",773,1600,349,1251,2011,81.5,1536,475
"35740 Ylä-Vääri   (Ruovesi )",122,89,6,83,64,113.2,64,0
"35750 Väärinmaja   (Ruovesi )",332,218,21,197,159,95.0,159,0
"35800 Mänttä   (Mänttä-Vilppula )",143,1148,180,968,2754,75.7,1188,1566
"35820 Asemakulma-Mustalahti   (Jämsä )",574,958,124,834,1177,85.8,889,288
"35990 Kolho   (Mänttä-Vilppula )",229,647,104,543,705,86.0,655,50
"36100 Kangasala Asemanseutu   (Kangasala )",29,451,64,387,422,114.2,422,0
"36110 Ruutana   (Kangasala )",52,961,37,924,1059,108.8,1039,20
"36120 Suinula-Haviseva   (Kangasala )",579,516,32,484,448,114.5,441,7
"36200 Kangasala Keskus   (Kangasala )",1030,2632,234,2398,4891,92.0,2926,1965
"36220 Suorama   (Kangasala )",15,1035,190,845,2373,81.9,1167,1206
"36240 Nattari   (Kangasala )",25,935,77,858,2109,89.0,1246,863
"36270 Huutijärvi   (Kangasala )",439,553,65,488,641,105.0,527,114
"36280 Pikonlinna   (Kangasala )",1,16,5,11,54,87.3,10,44
"36340 Tohkala   (Kangasala )",283,144,14,130,118,115.3,118,0
"36420 Sahalahti Keskus   (Kangasala )",452,665,72,593,884,93.3,794,90
"36430 Pakkala   (Kangasala )",150,242,17,225,237,109.4,231,6
"36450 Salmentaka   (Pälkäne )",340,236,76,160,126,94.7,126,0
"36520 Raikku   (Kangasala )",375,229,13,216,188,104.5,188,0
"36570 Kaivanto   (Kangasala )",318,158,18,140,131,117.5,128,3
"36600 Pälkäne Keskus   (Pälkäne )",775,1467,248,1219,1677,93.5,1395,282
"36640 Iltasmäki   (Pälkäne )",155,216,17,199,191,108.1,191,0
"36660 Laitikkala   (Pälkäne )",193,150,34,116,102,121.0,102,0
"36720 Aitoo   (Pälkäne )",272,353,64,289,307,96.1,304,3
"36760 Luopioinen Keskus   (Pälkäne )",732,434,80,354,492,86.8,476,16
"36810 Kuhmalahti Keskus   (Kangasala )",370,298,32,266,297,90.8,297,0
"36840 Kuhmajärvi   (Kangasala )",188,224,28,196,187,93.0,187,0
"36880 Vehkajärvi   (Kangasala )",527,132,13,119,93,85.8,93,0
"36910 Rautajärvi   (Pälkäne )",393,258,43,215,226,89.1,217,9
"36930 Kyynärö   (Pälkäne )",258,131,17,114,105,99.5,105,0
"37100 Nokia Keskus   (Nokia )",2,1020,209,811,4051,66.9,939,3112
"37120 Koskenmäki   (Nokia )",302,2703,192,2511,4585,88.5,3226,1359
"37130 Alhoniitty   (Nokia )",11,1081,37,1044,2058,88.7,1487,571
"37140 Harjuniitty   (Nokia )",10,718,55,663,967,98.9,924,43
"37150 Kankaantaka   (Nokia )",16,917,219,698,1896,80.6,1153,743
"37180 Sarkola   (Nokia )",287,201,24,177,159,111.6,157,2
"37200 Siuro   (Nokia )",402,1042,80,962,1129,94.7,990,139
"37210 Kulovesi   (Nokia )",3,17,4,13,11,104.8,11,0
"37240 Linnavuori   (Nokia )",0,182,31,151,410,72.6,228,182
"37310 Tottijärvi   (Nokia )",601,450,50,400,371,112.8,371,0
"37350 Rämsöö   (Vesilahti )",150,110,17,93,82,109.3,82,0
"37370 Narva   (Vesilahti )",734,533,57,476,515,105.7,508,7
"37380 Krääkkiö   (Vesilahti )",191,106,13,93,87,99.4,87,0
"37420 Valkkinen   (Vesilahti )",346,395,37,358,345,115.5,345,0
"37470 Vesilahti Keskus   (Vesilahti )",279,715,87,628,734,119.9,726,8
"37500 Lempäälä Keskus   (Lempäälä )",620,2229,251,1978,3946,89.0,2292,1654
"37530 Säijä   (Lempäälä )",146,270,25,245,229,122.1,229,0
"37550 Kuivaspää   (Lempäälä )",89,1350,96,1254,1866,102.0,1698,168
"37560 Kulju   (Lempäälä )",134,1378,71,1307,1658,108.8,1620,38
"37570 Koivuniemi   (Lempäälä )",30,224,59,165,167,131.3,167,0
"37600 Valkeakoski Keskus   (Valkeakoski )",635,3039,445,2594,6303,77.8,2841,3462
"37630 Vääräkoivu   (Valkeakoski )",57,1650,182,1468,3601,85.7,1907,1694
"37700 Sääksmäki   (Valkeakoski )",99,230,44,186,222,97.5,222,0
"37720 Ritvala   (Valkeakoski )",175,110,16,94,91,120.4,87,4
"37740 Haukila   (Valkeakoski )",60,157,18,139,142,101.3,142,0
"37770 Tarttila   (Valkeakoski )",134,276,46,230,219,110.7,219,0
"37800 Toijala keskus   (Akaa )",484,3063,374,2689,4765,86.3,3120,1645
"37830 Viiala Keskus   (Akaa )",183,2120,317,1803,2730,86.6,2046,684
"37850 Metsäkansa   (Valkeakoski )",163,203,28,175,168,103.2,168,0
"37860 Kärjenniemi   (Valkeakoski )",188,352,29,323,326,110.0,324,2
"37900 Kylmäkoski Asemanseutu   (Akaa )",26,202,26,176,159,94.0,159,0
"37910 Kylmäkoski Keskus   (Akaa )",261,586,101,485,691,93.6,691,0
"37960 Sotkia   (Akaa )",37,138,15,123,126,108.0,126,0
"38100 Karkku   (Sastamala )",308,522,82,440,416,100.8,406,10
"38120 Kutala   (Sastamala )",263,151,16,135,113,99.0,105,8
"38130 Ellivuori   (Sastamala )",37,18,11,7,..,..,..,..
"38140 Kärppälä   (Sastamala )",224,232,16,216,179,110.8,179,0
"38200 Vammala Keskus   (Sastamala )",45,1698,237,1461,3821,77.6,1707,2114
"38210 Vammala Asemanseutu   (Sastamala )",300,1742,220,1522,2318,85.2,1572,746
"38220 Stormi   (Sastamala )",152,510,68,442,400,107.9,384,16
"38250 Roismala   (Sastamala )",300,709,119,590,589,108.0,570,19
"38270 Sammaljoki   (Sastamala )",70,227,25,202,179,102.3,175,4
"38280 Illo   (Sastamala )",54,251,15,236,214,110.7,212,2
"38300 Kiikka   (Sastamala )",246,905,121,784,920,100.2,894,26
"38360 Kiikoinen   (Sastamala )",256,669,88,581,645,100.4,642,3
"38420 Häijää   (Sastamala )",399,498,40,458,467,105.9,467,0
"38460 Mouhijärvi Keskus   (Sastamala )",503,825,108,717,862,92.6,837,25
"38470 Hyynilä   (Sastamala )",191,153,14,139,128,97.4,128,0
"38490 Haukijärvi   (Hämeenkyrö )",54,51,6,45,41,98.9,41,0
"38510 Suodenniemi   (Sastamala )",502,706,74,632,681,95.3,681,0
"38600 Lavia Keskus   (Pori )",651,901,131,770,895,91.5,827,68
"38650 Yli-Putto   (Pori )",48,119,19,100,89,105.9,89,0
"38670 Kalliala-Haunia   (Pori )",160,132,7,125,115,100.5,114,1
"38680 Tuunajärvi   (Pomarkku )",43,76,6,70,58,94.6,58,0
"38700 Kankaanpää Keskus   (Kankaanpää )",247,2120,375,1745,3321,86.6,2301,1020
"38710 Myllymäki   (Kankaanpää )",4,584,42,542,1339,76.3,890,449
"38720 Vihteljärvi   (Kankaanpää )",90,275,22,253,248,107.2,248,0
"38740 Hapuoja   (Kankaanpää )",39,238,20,218,208,108.1,208,0
"38750 Veneskoski   (Kankaanpää )",47,158,15,143,127,103.6,127,0
"38760 Venesjärvi   (Kankaanpää )",190,188,17,171,170,104.7,170,0
"38770 Lohikko   (Kankaanpää )",24,210,24,186,181,114.0,181,0
"38800 Jämijärvi Keskus   (Jämijärvi )",339,979,154,825,901,95.2,851,50
"38840 Niinisalo   (Kankaanpää )",47,475,50,425,528,92.1,402,126
"38860 Suurimaa   (Jämijärvi )",6,120,15,105,96,114.1,96,0
"38910 Ala-Honkajoki   (Kankaanpää )",67,307,18,289,265,103.3,265,0
"38920 Vatajankoski   (Honkajoki )",39,147,16,131,123,96.2,123,0
"38950 Honkajoki Keskus   (Honkajoki )",114,781,163,618,722,89.0,713,9
"38970 Lauhala   (Honkajoki )",56,181,27,154,158,90.5,158,0
"39100 Hämeenkyrö Keskus   (Hämeenkyrö )",218,1337,165,1172,1785,85.8,1485,300
"39110 Simuna   (Hämeenkyrö )",91,135,9,126,110,100.6,110,0
"39130 Sasi   (Hämeenkyrö )",262,345,32,313,307,117.8,307,0
"39150 Pinsiö   (Hämeenkyrö )",108,381,41,340,339,116.6,339,0
"39160 Julkujärvi   (Ylöjärvi )",35,994,59,935,1225,106.7,1216,9
"39170 Jumesniemi   (Hämeenkyrö )",70,89,10,79,73,119.5,73,0
"39180 Herttuala   (Hämeenkyrö )",26,54,4,50,40,103.9,40,0
"39195 Kaipio   (Hämeenkyrö )",18,100,7,93,83,106.0,83,0
"39200 Kyröskoski   (Hämeenkyrö )",159,1818,225,1593,2456,84.8,2018,438
"39230 Osara   (Hämeenkyrö )",114,131,23,108,106,99.8,106,0
"39290 Vesajärvi   (Hämeenkyrö )",62,130,18,112,93,100.7,93,0
"39310 Viljakkala Keskus   (Ylöjärvi )",474,526,78,448,523,92.2,523,0
"39340 Karhe   (Ylöjärvi )",320,170,14,156,141,107.6,141,0
"39360 Komi   (Ylöjärvi )",87,146,13,133,125,109.2,125,0
"39380 Lavajärvi   (Hämeenkyrö )",68,96,14,82,75,114.6,75,0
"39410 Luhalahti   (Ikaalinen )",500,214,24,190,175,97.3,175,0
"39430 Röyhiö   (Ikaalinen )",226,114,11,103,85,103.5,85,0
"39450 Sisättö   (Ikaalinen )",315,120,17,103,87,98.4,87,0
"39500 Ikaalinen Keskus   (Ikaalinen )",490,1741,273,1468,2839,83.0,1885,954
"39530 Kilvakkala   (Ikaalinen )",296,613,91,522,485,103.4,485,0
"39580 Riitiala   (Ikaalinen )",315,260,27,233,206,104.8,206,0
"39590 Tevaniemi   (Ikaalinen )",151,135,19,116,104,108.5,104,0
"39610 Kovelahti   (Ikaalinen )",107,143,15,128,108,111.9,108,0
"39620 Kovesjoki   (Parkano )",142,166,23,143,108,100.0,108,0
"39660 Lapinneva   (Parkano )",29,196,38,158,149,96.2,149,0
"39700 Parkano Keskus   (Parkano )",622,2431,560,1871,3099,87.4,2341,758
"39750 Vatajanjärvi   (Parkano )",227,264,57,207,205,100.5,205,0
"39770 Aureskoski   (Parkano )",172,68,18,50,43,89.5,43,0
"39780 Alaskylä   (Parkano )",37,122,20,102,107,114.5,107,0
"39810 Linnankylä   (Kihniö )",247,252,53,199,170,103.4,170,0
"39820 Kihniö Keskus   (Kihniö )",580,904,174,730,863,89.1,841,22
"39880 Kihniö Asemanseutu   (Kihniö )",105,96,4,92,77,94.8,75,2
"39920 Suomijärvi   (Karvia )",54,115,6,109,98,99.0,98,0
"39930 Karvia Keskus   (Karvia )",24,524,118,406,635,85.7,597,38
"39940 Kantti   (Karvia )",37,184,18,166,145,104.5,145,0
"39960 Sarvela   (Karvia )",111,280,40,240,217,105.0,217,0
"39965 Karviankylä   (Karvia )",61,108,13,95,88,96.1,88,0
"39980 Sara   (Karvia )",56,113,14,99,104,89.1,104,0
"39990 Alkkia   (Karvia )",38,78,7,71,66,82.8,66,0
"40100 Jyväskylä Keskus   (Jyväskylä )",0,574,262,312,9669,55.5,46,9623
"40200 Mannila-Taulumäki   (Jyväskylä )",9,447,59,388,2186,67.9,658,1528
"40250 Ritoniemi-Lohikoski   (Jyväskylä )",25,1145,116,1029,2999,83.5,1816,1183
"40270 Pappilanrinne-Pappilanvuori   (Jyväskylä )",225,2370,136,2234,4996,88.1,3451,1545
"40320 Seppälän Teollisuusalue   (Jyväskylä )",9,1019,425,594,2823,67.8,815,2008
"40340 Huhtasuo   (Jyväskylä )",2,358,56,302,3980,61.8,394,3586
"40400 Halssila   (Jyväskylä )",1,634,62,572,2131,74.3,1146,985
"40420 Jyskä   (Jyväskylä )",4,1063,50,1013,2361,79.7,1648,713
"40500 Keljo-Ristonmaa   (Jyväskylä )",40,623,87,536,1880,69.7,809,1071
"40520 Kuokkala-Ristikivi   (Jyväskylä )",152,2134,251,1883,8576,70.2,2495,6081
"40530 Keljonkangas   (Jyväskylä )",43,1476,131,1345,2285,94.6,1775,510
"40600 Mattilanpelto   (Jyväskylä )",0,379,48,331,1313,67.4,514,799
"40620 Keskussairaala-alue-Kukkumäki   (Jyväskylä )",0,25,16,9,294,50.2,0,294
"40630 Kypärämäki   (Jyväskylä )",1,948,80,868,1993,80.1,1070,923
"40640 Keltinmäki   (Jyväskylä )",1,933,73,860,3666,72.6,1078,2588
"40660 Länsi-Palokka   (Jyväskylä )",60,294,11,283,283,107.3,283,0
"40700 Mäki-Matti   (Jyväskylä )",0,408,103,305,3371,53.1,240,3131
"40720 Nisula   (Jyväskylä )",0,238,45,193,1793,61.4,298,1495
"40740 Kortepohja   (Jyväskylä )",8,410,77,333,4667,54.4,444,4223
"40800 Vaajakoski   (Jyväskylä )",283,2181,214,1967,3980,81.3,2471,1509
"40820 Vuoritsalo   (Jyväskylä )",107,147,14,133,512,73.3,163,349
"40900 Säynätsalo   (Jyväskylä )",53,963,78,885,1655,86.4,1069,586
"40930 Kinkomaa   (Muurame )",106,394,22,372,567,92.1,494,73
"40950 Muurame Keskus   (Muurame )",689,2328,225,2103,3483,96.1,2603,880
"41120 Puuppola   (Jyväskylä )",109,664,30,634,677,121.3,657,20
"41140 Kuikka   (Jyväskylä )",57,254,15,239,227,116.0,227,0
"41160 Tikkakoski   (Jyväskylä )",44,1282,98,1184,2259,85.8,1688,571
"41180 Vehniä   (Laukaa )",82,358,60,298,300,103.0,300,0
"41210 Jokihaara   (Uurainen )",131,190,12,178,167,109.5,167,0
"41220 Höytiä   (Uurainen )",117,166,11,155,153,99.5,153,0
"41230 Uurainen Keskus   (Uurainen )",216,665,98,567,796,87.7,738,58
"41240 Kyynämöinen   (Uurainen )",133,145,20,125,110,109.4,110,0
"41260 Hoikankylä   (Saarijärvi )",23,77,2,75,71,101.5,71,0
"41270 Lannevesi   (Saarijärvi )",221,317,35,282,258,99.7,258,0
"41290 Kangashäkki   (Uurainen )",58,295,32,263,265,114.8,265,0
"41310 Leppävesi   (Laukaa )",75,1044,140,904,1124,104.0,1124,0
"41325 Laukkavirta   (Laukaa )",179,168,28,140,132,115.3,132,0
"41330 Vihtavuori   (Laukaa )",117,1001,208,793,1118,94.7,992,126
"41340 Laukaa Keskus   (Laukaa )",118,1464,177,1287,2626,85.0,1884,742
"41350 Laukaa Asemanseutu   (Laukaa )",62,358,96,262,306,98.9,306,0
"41360 Valkola   (Laukaa )",100,238,33,205,204,109.6,204,0
"41370 Kuusa   (Laukaa )",456,579,97,482,443,116.7,443,0
"41390 Äijälä   (Laukaa )",146,243,55,188,185,100.2,185,0
"41400 Lievestuore   (Laukaa )",280,1445,197,1248,1660,89.8,1558,102
"41410 Kankainen   (Toivakka )",81,98,7,91,89,94.4,89,0
"41440 Ruuhimäki   (Toivakka )",53,139,22,117,112,96.5,112,0
"41450 Leppälahti   (Jyväskylä )",338,318,19,299,289,105.1,289,0
"41490 Niemisjärvi   (Hankasalmi )",241,402,33,369,398,98.5,397,1
"41500 Hankasalmi Asemanseutu   (Hankasalmi )",236,708,113,595,823,80.1,709,114
"41520 Hankasalmi Keskus   (Hankasalmi )",545,858,114,744,1063,86.1,1063,0
"41530 Veneranta   (Hankasalmi )",114,92,10,82,83,106.9,83,0
"41540 Ristimäki   (Hankasalmi )",125,152,9,143,129,104.7,129,0
"41550 Hannula   (Hankasalmi )",104,102,9,93,84,112.8,84,0
"41560 Säkinmäki   (Hankasalmi )",114,106,8,98,94,100.9,94,0
"41580 Sauvamäki   (Hankasalmi )",97,163,13,150,139,108.8,139,0
"41630 Oravasaari   (Jyväskylä )",262,186,9,177,166,110.7,166,0
"41660 Toivakka Keskus   (Toivakka )",905,915,132,783,945,91.2,945,0
"41710 Rutalahti-Kivisuo   (Jyväskylä )",242,199,28,171,159,91.2,159,0
"41730 Kivisuo   (Joutsa )",34,29,2,27,22,75.5,22,0
"41750 Havumäki   (Joutsa )",50,77,7,70,57,88.3,57,0
"41770 Leivonmäki   (Joutsa )",300,381,73,308,435,82.0,435,0
"41800 Korpilahti Keskus   (Jyväskylä )",806,1522,182,1340,1934,86.7,1679,255
"41820 Saakoski   (Jyväskylä )",108,185,12,173,152,96.9,152,0
"41840 Moksi   (Jyväskylä )",69,76,13,63,53,94.1,53,0
"41860 Rannila   (Jyväskylä )",161,121,6,115,103,107.6,103,0
"41870 Putkilahti   (Jyväskylä )",313,143,21,122,104,100.2,100,4
"41880 Oittila   (Jyväskylä )",240,96,9,87,73,113.5,73,0
"41900 Petäjävesi Keskus   (Petäjävesi )",333,1175,165,1010,1396,89.0,1232,164
"41920 Kintaus   (Petäjävesi )",161,288,31,257,258,100.6,258,0
"41925 Ylä-Kintaus   (Petäjävesi )",74,93,10,83,76,100.9,76,0
"41930 Kuohu   (Jyväskylä )",140,379,26,353,344,100.8,344,0
"41940 Vesanka   (Jyväskylä )",471,609,51,558,545,111.0,545,0
"41970 Huttula   (Keuruu )",16,49,14,35,29,100.1,29,0
"41980 Kuivasmäki   (Petäjävesi )",102,124,19,105,91,105.3,91,0
"42100 Jämsä Keskus   (Jämsä )",1627,4294,1075,3219,6016,82.1,3788,2228
"42140 Juokslahti   (Jämsä )",141,196,32,164,137,110.6,134,3
"42220 Kaipola   (Jämsä )",3,457,88,369,626,79.6,382,244
"42300 Jämsänkoski Keskus   (Jämsä )",95,2216,336,1880,3198,79.2,2261,937
"42330 Haavisto   (Jämsä )",167,238,40,198,179,119.0,179,0
"42440 Koskenpää   (Jämsä )",541,462,53,409,393,88.3,378,15
"42520 Asunta   (Keuruu )",108,126,17,109,89,99.9,89,0
"42560 Pohjoisjärvi   (Keuruu )",20,27,3,24,18,103.1,18,0
"42600 Multia Keskus-Väätäiskylä   (Multia )",515,787,127,660,859,86.0,828,31
"42660 Sahrajärvi   (Multia )",48,103,15,88,73,90.2,73,0
"42700 Keuruu Keskus   (Keuruu )",940,2768,475,2293,4650,80.2,2798,1852
"42720 Valkealahti   (Keuruu )",0,7,3,4,73,66.9,11,62
"42800 Haapamäki   (Keuruu )",190,621,83,538,766,80.0,594,172
"42820 Riiho   (Keuruu )",83,65,12,53,46,118.3,46,0
"42830 Ylä-Kolkki   (Mänttä-Vilppula )",67,45,4,41,34,97.4,34,0
"42840 Kolkki   (Mänttä-Vilppula )",272,116,13,103,82,102.4,82,0
"42850 Pohjaslahti   (Mänttä-Vilppula )",362,138,20,118,104,94.9,102,2
"42870 Kotala   (Virrat )",333,299,36,263,227,98.8,227,0
"42910 Pihlajavesi   (Keuruu )",401,254,29,225,195,84.0,188,7
"42930 Katajamäki   (Keuruu )",126,107,11,96,72,97.8,72,0
"43100 Saarijärvi Keskus   (Saarijärvi )",510,2376,343,2033,3542,83.2,2569,973
"43130 Tarvaala   (Saarijärvi )",43,243,53,190,190,114.1,190,0
"43170 Häkkilä   (Saarijärvi )",165,213,35,178,152,88.4,152,0
"43220 Mahlu   (Saarijärvi )",87,295,22,273,250,101.3,250,0
"43240 Lehtola   (Saarijärvi )",90,124,17,107,90,96.2,90,0
"43250 Kolkanlahti   (Saarijärvi )",73,291,133,158,147,106.9,147,0
"43270 Kalmari   (Saarijärvi )",183,320,39,281,277,100.0,272,5
"43300 Kannonkoski Keskus   (Kannonkoski )",586,738,152,586,669,90.8,659,10
"43340 Kannonjärvi   (Kannonkoski )",179,126,17,109,94,82.6,94,0
"43390 Lokakylä   (Kivijärvi )",88,53,7,46,41,105.1,41,0
"43420 Kukko   (Saarijärvi )",64,48,9,39,34,96.2,34,0
"43430 Väätäiskylä   (Multia )",51,35,8,27,23,102.0,23,0
"43440 Pylkönmäki Keskus   (Saarijärvi )",256,324,71,253,353,73.0,349,4
"43480 Pääjärvi   (Saarijärvi )",117,134,35,99,78,105.1,78,0
"43490 Kangasaho   (Karstula )",113,116,13,103,89,96.3,89,0
"43500 Karstula Keskus   (Karstula )",239,1258,213,1045,1673,83.4,1568,105
"43520 Kiminki   (Karstula )",65,158,20,138,135,97.2,135,0
"43540 Rantakylä-Pirttilahti   (Karstula )",66,83,16,67,69,105.3,69,0
"43560 Vahanka   (Karstula )",98,118,8,110,94,98.8,94,0
"43610 Aho   (Karstula )",168,75,3,72,52,93.2,52,0
"43640 Humppi   (Karstula )",12,142,68,74,71,103.3,71,0
"43660 Vastinki   (Karstula )",116,190,20,170,144,97.1,144,0
"43700 Kyyjärvi Keskus   (Kyyjärvi )",223,723,176,547,644,93.1,634,10
"43720 Kumpulainen   (Kyyjärvi )",19,96,9,87,72,101.9,72,0
"43800 Kivijärvi Keskus-Sompala   (Kivijärvi )",484,577,124,453,586,89.2,534,52
"43840 Sompala   (Kivijärvi )",77,41,7,34,33,80.1,33,0
"43900 Kinnula Keskus   (Kinnula )",185,617,91,526,665,97.5,659,6
"43940 Muhola-Saarensalmi   (Kinnula )",171,145,12,133,118,108.5,118,0
"43960 Saarensalmi   (Kinnula )",115,62,14,48,41,96.4,41,0
"44100 Äänekoski Keskus   (Äänekoski )",37,982,179,803,2673,69.0,926,1747
"44120 Mämmensalmi-Mustaniemi   (Äänekoski )",14,964,20,944,1131,99.7,1046,85
"44150 Likolahti-Karhunlähde   (Äänekoski )",346,1013,134,879,1827,77.3,1058,769
"44160 Huutomäki   (Äänekoski )",39,210,6,204,207,108.9,198,9
"44170 Hietama   (Äänekoski )",94,263,27,236,212,111.9,212,0
"44190 Parantala   (Äänekoski )",126,128,7,121,114,101.0,114,0
"44200 Suolahti Keskus   (Äänekoski )",159,1552,251,1301,2802,74.4,1629,1173
"44220 Sörkänmäki   (Äänekoski )",52,236,22,214,204,94.0,202,2
"44250 Äänekoivisto   (Äänekoski )",60,258,23,235,224,113.7,224,0
"44260 Vihijärvi   (Äänekoski )",256,148,11,137,129,104.1,129,0
"44280 Sumiainen Keskus   (Äänekoski )",639,491,57,434,488,91.6,488,0
"44300 Konnevesi Keskus   (Konnevesi )",441,882,147,735,977,84.8,904,73
"44320 Sirkkamäki   (Konnevesi )",130,96,16,80,68,107.0,68,0
"44330 Hytölä   (Konnevesi )",186,164,26,138,130,104.8,130,0
"44350 Istunmäki   (Konnevesi )",251,240,33,207,200,97.0,195,5
"44370 Mäntymäki   (Konnevesi )",251,128,16,112,98,93.7,98,0
"44400 Konginkangas Keskus   (Äänekoski )",308,339,46,293,380,85.7,355,25
"44420 Liimattala   (Äänekoski )",116,188,16,172,161,102.3,161,0
"44440 Räihä   (Äänekoski )",125,84,9,75,59,104.6,59,0
"44460 Kalaniemi   (Äänekoski )",201,109,9,100,86,97.9,86,0
"44480 Niinilahti   (Viitasaari )",165,119,12,107,98,105.4,98,0
"44500 Viitasaari Keskus   (Viitasaari )",271,1512,312,1200,2641,76.4,1748,893
"44530 Ilmolahti   (Viitasaari )",183,120,23,97,91,116.0,91,0
"44580 Huopanankoski   (Viitasaari )",138,145,16,129,128,92.8,128,0
"44590 Vuorilahti   (Viitasaari )",103,76,22,54,44,96.0,44,0
"44610 Kärnä   (Viitasaari )",134,124,14,110,93,110.9,93,0
"44630 Kumpumäki   (Viitasaari )",144,146,19,127,120,86.8,120,0
"44640 Kymönkoski   (Viitasaari )",238,267,44,223,204,97.8,204,0
"44670 Suovanlahti   (Viitasaari )",260,143,22,121,95,108.3,95,0
"44680 Lahnanen   (Viitasaari )",63,58,6,52,41,97.0,41,0
"44730 Löytänä   (Viitasaari )",52,72,10,62,53,92.7,53,0
"44740 Keitelepohja-Kotvala   (Viitasaari )",163,139,16,123,113,101.9,113,0
"44760 Keihärinkoski   (Viitasaari )",441,251,25,226,192,91.5,192,0
"44770 Valkeisjärvi   (Viitasaari )",6,23,5,18,11,92.7,11,0
"44790 Kotvala   (Viitasaari )",27,39,4,35,35,90.3,35,0
"44800 Pihtipudas Keskus   (Pihtipudas )",453,1097,190,907,1487,79.6,1397,90
"44860 Alvajärvi   (Pihtipudas )",191,176,15,161,132,101.9,132,0
"44880 Muurasjärvi   (Pihtipudas )",139,363,33,330,302,93.0,302,0
"44910 Elämäjärvi   (Pihtipudas )",33,165,25,140,128,97.9,128,0
"44920 Peninki   (Pihtipudas )",22,121,10,111,110,94.9,110,0
"44950 Kärväsjärvi   (Pihtipudas )",98,131,18,113,97,98.4,97,0
"44970 Korppinen   (Pihtipudas )",90,128,12,116,92,94.2,92,0
"45100 Kouvola Keskus   (Kouvola )",143,1948,281,1667,5843,72.2,1961,3882
"45120 Kotkankallio-Vahteranmäki   (Kouvola )",1,1204,32,1172,1857,95.8,1581,276
"45130 Korjala-Kaunisnurmi   (Kouvola )",0,538,202,336,1211,60.7,363,848
"45150 Kankaronmäki-Eskolanmäki   (Kouvola )",1,839,25,814,2676,76.8,1200,1476
"45160 Lehtomäki   (Kouvola )",0,815,79,736,3143,72.2,1161,1982
"45200 Tornionmäki   (Kouvola )",4,1308,245,1063,3854,68.3,1349,2505
"45330 Harju   (Kouvola )",90,162,5,157,156,110.4,152,4
"45360 Kukkuramäki   (Kouvola )",75,1144,111,1033,1745,95.0,1535,210
"45370 Valkeala kk   (Kouvola )",260,922,93,829,1209,99.2,1012,197
"45410 Utti   (Kouvola )",266,445,56,389,410,109.2,387,23
"45460 Savero   (Kouvola )",7,104,15,89,94,101.8,94,0
"45610 Koria   (Kouvola )",68,1907,222,1685,2460,93.5,2065,395
"45700 Kuusankoski Keskus   (Kouvola )",6,2312,286,2026,5414,72.7,2519,2895
"45720 Kotiharju-Ruhjonmäki   (Kouvola )",8,1109,122,987,1388,84.7,1121,267
"45740 Maunuksela   (Iitti )",127,1159,156,1003,1546,86.6,1272,274
"45750 Kuusankosken Sairaala-alue   (Kouvola )",0,14,8,6,78,58.0,6,72
"45810 Pilkanmaa   (Kouvola )",163,784,49,735,721,88.6,719,2
"45910 Voikkaa   (Kouvola )",245,1172,126,1046,1540,75.3,1057,483
"45940 Oravala   (Kouvola )",95,164,8,156,144,106.2,144,0
"46110 Tuohikotti   (Kouvola )",301,225,25,200,198,110.0,198,0
"46140 Vekaranjärvi   (Kouvola )",30,91,24,67,149,73.2,86,63
"46230 Aro   (Kouvola )",164,271,25,246,229,115.4,229,0
"46400 Kaipiainen   (Kouvola )",203,343,87,256,266,94.0,266,0
"46430 Tirva-Inkerilä   (Kouvola )",325,195,19,176,144,117.7,144,0
"46450 Enäjärvi   (Kouvola )",95,100,11,89,88,110.5,88,0
"46530 Kannuskoski   (Luumäki )",329,139,18,121,89,104.7,89,0
"46570 Saaramaa   (Kouvola )",138,46,19,27,22,103.6,22,0
"46710 Sippola   (Kouvola )",116,439,59,380,404,97.6,402,2
"46730 Ruotila   (Kouvola )",25,73,8,65,64,113.7,64,0
"46750 Liikkala   (Kouvola )",33,165,7,158,158,111.9,158,0
"46800 Myllykoski   (Kouvola )",20,1746,148,1598,2665,82.4,1821,844
"46810 Ummeljoki   (Kouvola )",63,729,59,670,757,91.6,703,54
"46860 Anjalankoski Keskus   (Kouvola )",5,284,60,224,327,80.6,277,50
"46900 Inkeroinen   (Kouvola )",27,1434,177,1257,2118,80.0,1329,789
"46910 Anjala   (Kouvola )",51,823,62,761,1011,83.4,868,143
"46930 Huruksela   (Kotka )",164,160,19,141,122,105.5,122,0
"46950 Ahvio   (Kouvola )",26,42,3,39,33,114.1,33,0
"46960 Muhniemi   (Kouvola )",34,179,17,162,153,119.7,153,0
"47110 Löytty   (Kouvola )",0,52,5,47,47,106.0,47,0
"47150 Raussila   (Kouvola )",19,99,11,88,80,117.1,80,0
"47200 Elimäki kk   (Kouvola )",64,1012,136,876,1332,89.0,1123,209
"47260 Ratula   (Kouvola )",23,75,4,71,63,115.8,63,0
"47310 Haapa-Kimola   (Iitti )",38,149,11,138,123,115.8,123,0
"47350 Kimonkylä   (Lapinjärvi )",19,82,12,70,63,120.0,63,0
"47400 Kausala   (Iitti )",307,1729,268,1461,2691,81.4,2091,600
"47440 Sääskjärvi   (Iitti )",37,83,9,74,63,118.5,63,0
"47450 Erottaja   (Iitti )",57,164,18,146,140,106.5,137,3
"47460 Hiisiö   (Iitti )",3,43,7,36,40,100.6,40,0
"47490 Mankala-Hiisiö   (Iitti )",378,229,25,204,178,104.6,178,0
"47520 Iitti kk   (Iitti )",128,98,12,86,79,119.3,79,0
"47540 Löyttilä   (Iitti )",262,132,15,117,94,121.9,94,0
"47610 Kymentaka   (Iitti )",278,121,19,102,80,115.2,80,0
"47650 Kimola   (Kouvola )",129,138,15,123,102,109.7,102,0
"47710 Jaala kk   (Kouvola )",1584,653,99,554,657,85.1,656,1
"47760 Huhdasjärvi   (Kouvola )",705,163,54,109,83,104.0,83,0
"47810 Selänpää   (Kouvola )",240,204,19,185,164,103.9,164,0
"47830 Hasula   (Kouvola )",72,71,4,67,61,101.4,61,0
"47850 Verla   (Kouvola )",657,147,23,124,95,84.4,95,0
"47900 Vuohijärvi   (Kouvola )",512,189,23,166,207,72.7,142,65
"47910 Hillosensalmi   (Kouvola )",398,47,15,32,21,96.4,21,0
"48100 Kotkansaari   (Kotka )",846,695,305,390,7848,55.9,231,7617
"48130 Katariina   (Kotka )",0,236,48,188,477,71.5,210,267
"48200 Hovinsaari   (Kotka )",0,265,127,138,1339,52.3,138,1201
"48210 Toukolan Sairaala-Alue   (Kotka )",0,59,28,31,268,59.4,84,184
"48220 Metsola   (Kotka )",33,462,105,357,720,72.9,427,293
"48230 Korela-Jylppy   (Kotka )",92,537,141,396,725,69.5,482,243
"48300 Ruonala   (Kotka )",117,519,40,479,565,98.0,553,12
"48310 Mussalo   (Kotka )",240,1623,433,1190,1945,100.7,1638,307
"48350 Karhuvuori   (Kotka )",0,118,22,96,2324,57.9,0,2324
"48400 Sutela   (Kotka )",3,1166,148,1018,2030,90.0,1788,242
"48410 Kaukola   (Kotka )",48,652,72,580,741,105.2,724,17
"48600 Karhula   (Kotka )",6,1510,338,1172,4468,67.0,1399,3069
"48700 Kyminlinna   (Kotka )",2,471,45,426,1414,71.1,584,830
"48710 Koivula   (Kotka )",4,544,47,497,554,98.8,554,0
"48720 Kymi   (Kotka )",24,933,116,817,847,97.8,839,8
"48750 Nikeli   (Kotka )",13,92,11,81,88,101.9,88,0
"48770 Ristinkallio   (Kotka )",0,704,117,587,971,88.3,753,218
"48800 Otsola-Mäntykangas   (Kotka )",0,781,29,752,959,97.4,959,0
"48810 Rantahaka   (Kotka )",74,373,62,311,353,101.0,349,4
"48900 Sunila   (Kotka )",9,345,80,265,831,68.6,331,500
"48910 Suulisniemi   (Kotka )",68,541,44,497,771,80.2,553,218
"48930 Tiutinen   (Kotka )",13,190,24,166,184,101.4,170,14
"49200 Heinlahti   (Pyhtää )",209,406,85,321,327,121.7,327,0
"49210 Huutjärvi   (Pyhtää )",11,319,20,299,482,99.7,433,49
"49220 Siltakylä   (Pyhtää )",630,944,197,747,871,104.4,829,42
"49240 Purolanlahti   (Pyhtää )",268,245,44,201,197,104.6,197,0
"49270 Pyhtää kk   (Pyhtää )",293,536,119,417,520,85.7,469,51
"49290 Vastila   (Pyhtää )",254,256,30,226,223,110.2,223,0
"49300 Tavastila   (Kotka )",24,363,45,318,313,96.0,312,1
"49340 Juurikorpi   (Kotka )",14,79,15,64,66,89.8,66,0
"49400 Hamina Keskus   (Hamina )",423,3273,354,2919,5836,80.2,3783,2053
"49410 Poitsila   (Hamina )",0,461,46,415,1082,79.0,682,400
"49420 Uusi-Summa   (Hamina )",3,706,104,602,991,91.3,848,143
"49460 Hillo   (Hamina )",10,603,273,330,801,72.3,355,446
"49480 Vanha-Summa   (Hamina )",138,273,45,228,219,113.1,214,5
"49490 Neuvoton   (Hamina )",307,596,88,508,688,97.1,679,9
"49510 Husula   (Hamina )",5,384,38,346,689,78.4,445,244
"49520 Reitkalli   (Hamina )",29,177,17,160,139,104.3,139,0
"49540 Metsäkylä   (Hamina )",97,256,31,225,217,110.4,217,0
"49570 Kannusjärvi   (Hamina )",323,256,28,228,216,111.2,216,0
"49610 Sivatti   (Hamina )",6,55,4,51,45,101.9,45,0
"49630 Vehkajoki   (Hamina )",5,69,22,47,59,100.6,58,1
"49640 Paijärvi   (Hamina )",56,110,12,98,91,100.3,91,0
"49660 Pyhältö   (Hamina )",449,394,49,345,306,106.0,300,6
"49700 Miehikkälä Kirkonkylä   (Miehikkälä )",245,472,80,392,524,81.8,501,23
"49720 Hurttala   (Miehikkälä )",43,46,6,40,35,95.7,35,0
"49730 Muurikkala   (Miehikkälä )",199,216,42,174,178,96.3,178,0
"49750 Kalliokoski   (Miehikkälä )",92,135,33,102,86,101.7,86,0
"49760 Suur-Miehikkälä   (Miehikkälä )",60,160,24,136,118,100.5,118,0
"49770 Salo-Miehikkälä   (Miehikkälä )",34,154,14,140,128,104.1,128,0
"49780 Onkamaa   (Hamina )",97,88,11,77,57,110.4,57,0
"49840 Mäntlahti   (Hamina )",424,116,13,103,85,100.1,85,0
"49860 Klamila   (Virolahti )",494,474,93,381,380,97.7,372,8
"49900 Virolahti Keskus   (Virolahti )",778,1043,188,855,1105,90.9,1047,58
"49930 Vaalimaa   (Virolahti )",28,138,46,92,82,124.9,82,0
"49960 Ala-Pihlaja   (Virolahti )",68,150,29,121,107,106.5,107,0
"49980 Ravijoki   (Virolahti )",260,202,58,144,143,103.9,143,0
"50100 Mikkeli Keskus   (Mikkeli )",2,1406,365,1041,6803,59.9,1391,5412
"50120 Siekkilä   (Mikkeli )",0,285,34,251,961,68.9,340,621
"50130 Nuijamies   (Mikkeli )",39,751,142,609,1765,73.1,881,884
"50150 Karkialampi   (Mikkeli )",8,380,82,298,709,79.3,389,320
"50160 Kattilansilta   (Mikkeli )",0,238,15,223,1601,66.1,296,1305
"50170 Peitsari   (Mikkeli )",2,1522,180,1342,3083,78.8,1820,1263
"50180 Visulahti   (Mikkeli )",25,386,98,288,301,115.1,301,0
"50190 Tuppurala   (Mikkeli )",48,774,43,731,2827,71.8,1023,1804
"50200 Kovala   (Mikkeli )",167,287,20,267,260,112.9,260,0
"50300 Rämälä   (Mikkeli )",97,189,16,173,159,110.0,159,0
"50350 Norola   (Mikkeli )",42,174,32,142,137,115.9,133,4
"50500 Tuukkala-Kaituenmäki   (Mikkeli )",12,372,35,337,756,84.8,500,256
"50520 Moision Sairaala-alue   (Mikkeli )",0,25,13,12,98,64.4,24,74
"50600 Karikko   (Mikkeli )",236,1406,113,1293,2020,98.7,1764,256
"50670 Otava   (Mikkeli )",344,807,101,706,911,87.7,831,80
"50700 Syysjärvi   (Mikkeli )",194,230,18,212,231,120.7,231,0
"50770 Korpikoski   (Mikkeli )",351,144,14,130,120,111.7,120,0
"50800 Annilanselkä   (Mikkeli )",261,312,50,262,258,123.0,258,0
"50970 Ihastjärvi   (Mikkeli )",253,620,49,571,1131,83.5,697,434
"51130 Vanhamäki   (Mikkeli )",227,102,9,93,89,112.6,89,0
"51200 Kangasniemi Keskus   (Kangasniemi )",1758,1696,299,1397,2439,80.7,1914,525
"51260 Tahkomäki   (Kangasniemi )",127,109,14,95,80,103.6,80,0
"51270 Kutemajärvi   (Kangasniemi )",267,153,19,134,113,115.3,113,0
"51310 Levä   (Kangasniemi )",431,118,17,101,85,105.0,85,0
"51335 Kaihlamäki   (Kangasniemi )",21,27,2,25,25,88.9,25,0
"51340 Hännilä-Särkiharju   (Kangasniemi )",279,189,14,175,152,103.5,152,0
"51360 Koivula-Synsiö   (Kangasniemi )",172,185,48,137,113,107.2,113,0
"51380 Synsiö   (Kangasniemi )",23,33,4,29,24,110.6,24,0
"51420 Harjumaa-Pajulankylä   (Mikkeli )",114,136,9,127,123,110.9,123,0
"51430 Läsäkoski   (Kangasniemi )",146,73,7,66,49,105.2,49,0
"51440 Vuojalahti   (Kangasniemi )",180,162,13,149,134,104.5,134,0
"51450 Pajulankylä   (Mikkeli )",94,36,1,35,31,116.2,31,0
"51460 Luusniemi   (Kangasniemi )",342,141,19,122,110,109.9,110,0
"51520 Hiirola   (Mikkeli )",91,239,11,228,212,94.6,212,0
"51540 Kalvitsa   (Mikkeli )",214,216,22,194,177,102.3,177,0
"51600 Haukivuori Keskus-Piitkäaho   (Mikkeli )",617,791,114,677,872,85.0,709,163
"51620 Pitkäaho   (Mikkeli )",12,20,4,16,13,95.2,13,0
"51670 Nykälä   (Mikkeli )",203,125,16,109,94,111.2,94,0
"51720 Rahula   (Mikkeli )",274,229,13,216,202,120.1,202,0
"51740 Huuhanaho   (Mikkeli )",279,141,21,120,109,103.6,109,0
"51760 Nuutilanmäki   (Juva )",273,206,22,184,157,111.7,157,0
"51780 Kuosmala   (Juva )",231,94,8,86,77,101.8,77,0
"51810 Maivala   (Juva )",38,98,12,86,75,106.3,75,0
"51820 Hatsola   (Juva )",147,184,24,160,150,107.6,150,0
"51850 Vuorenmaa   (Juva )",112,151,13,138,129,102.9,129,0
"51860 Narila   (Juva )",11,55,10,45,38,102.9,38,0
"51880 Koikkala   (Juva )",244,179,20,159,143,103.5,143,0
"51890 Risulahti   (Juva )",170,66,14,52,43,126.6,43,0
"51900 Juva Keskus   (Juva )",523,1771,313,1458,2616,81.1,1897,719
"51930 Paatela   (Juva )",80,100,9,91,78,106.6,78,0
"51940 Härkälä   (Juva )",52,95,19,76,67,112.2,67,0
"51980 Lauteala   (Juva )",288,172,23,149,130,122.1,130,0
"52100 Anttola   (Mikkeli )",1243,860,138,722,851,93.5,809,42
"52110 Majavesi   (Mikkeli )",273,229,15,214,198,112.9,198,0
"52150 Hauhala   (Mikkeli )",185,84,9,75,66,111.1,66,0
"52200 Puumala Keskus   (Puumala )",2437,1201,246,955,1223,90.1,1012,211
"52230 Hurissalo   (Puumala )",724,205,44,161,135,115.5,135,0
"52270 Ryhälä   (Puumala )",90,58,17,41,31,114.0,31,0
"52300 Ristiina Keskus   (Mikkeli )",838,1189,135,1054,1564,89.8,1390,174
"52320 Vitsiälä   (Mikkeli )",132,205,23,182,163,101.0,163,0
"52330 Heimari   (Mikkeli )",37,35,8,27,26,117.7,26,0
"52340 Hangastenmaa   (Mikkeli )",336,153,15,138,121,101.9,121,0
"52360 Someenjärvi   (Mikkeli )",407,80,6,74,55,103.3,55,0
"52420 Pellosniemi   (Mikkeli )",1075,365,65,300,511,76.3,252,259
"52510 Hietanen   (Hirvensalmi )",360,340,35,305,280,100.3,280,0
"52520 Syväsmäki   (Hirvensalmi )",145,83,8,75,74,100.9,74,0
"52550 Hirvensalmi Keskus   (Hirvensalmi )",1847,935,129,806,1105,81.5,1044,61
"52610 Tuukkalanlahti   (Hirvensalmi )",217,106,11,95,72,90.6,72,0
"52620 Kuitula   (Hirvensalmi )",515,100,8,92,64,104.0,64,0
"52700 Mäntyharju Keskus   (Mäntyharju )",2208,2147,360,1787,3062,79.9,2333,729
"52720 Karankamäki-Koirakivi   (Mäntyharju )",224,101,30,71,72,92.4,72,0
"52730 Koirakivi   (Mäntyharju )",270,78,12,66,58,107.3,58,0
"52740 Tuustaipale   (Mäntyharju )",465,220,23,197,179,103.3,177,2
"52760 Mynttilä   (Mäntyharju )",57,62,3,59,50,95.6,50,0
"52780 Kuomiokoski   (Mikkeli )",171,89,19,70,98,72.6,98,0
"52830 Suomenniemi   (Mikkeli )",1175,516,111,405,415,88.3,415,0
"52850 Halmeniemi   (Mäntyharju )",290,119,20,99,77,97.5,77,0
"52890 Käävänkylä   (Mäntyharju )",421,108,13,95,66,103.8,66,0
"52920 Voikoski   (Kouvola )",546,146,26,120,88,93.8,88,0
"52960 Nurmaa   (Mäntyharju )",325,99,15,84,68,98.9,68,0
"52970 Pankalahti-Ahvenainen   (Mäntyharju )",206,62,7,55,42,110.0,42,0
"52980 Ahvenainen   (Mäntyharju )",318,70,8,62,44,99.3,44,0
"53100 Lappeenranta keskus   (Lappeenranta )",16,1264,179,1085,7207,59.1,1263,5944
"53130 Keskussairaala-alue-Kimpinen   (Lappeenr",0,49,15,34,426,62.3,25,401
"53200 Kaukas-Tirilä   (Lappeenranta )",0,312,101,211,921,67.1,262,659
"53300 Lauritsala-Mälkiä   (Lappeenranta )",200,2345,208,2137,4189,79.3,2472,1717
"53400 Laihia   (Lappeenranta )",153,863,68,795,814,106.9,808,6
"53420 Mustola   (Lappeenranta )",0,275,71,204,265,98.3,265,0
"53500 Parkkarila-Harapainen-Reijola   (Lappee",0,1815,205,1610,2358,89.4,1906,452
"53550 Kourulanmäki   (Lappeenranta )",0,397,114,283,442,93.1,366,76
"53600 Kesämäki   (Lappeenranta )",0,415,135,280,1609,63.4,261,1348
"53650 Mattila-Kuusela   (Lappeenranta )",7,765,70,695,1037,86.5,761,276
"53810 Kuusimäki-Lavola   (Lappeenranta )",0,477,72,405,2330,65.7,631,1699
"53830 Rutola   (Lappeenranta )",65,310,34,276,267,117.0,267,0
"53850 Skinnarila   (Lappeenranta )",588,2180,147,2033,5789,76.0,2446,3343
"53900 Pallo-Tysterniemi-Leiri   (Lappeenranta )",0,198,66,132,1953,58.1,150,1803
"53920 Voisalmi   (Lappeenranta )",8,317,35,282,1967,68.4,369,1598
"53950 Kivisalmi   (Lappeenranta )",159,366,32,334,1165,79.4,424,741
"54100 Joutseno Keskus   (Lappeenranta )",452,2075,313,1762,2786,86.9,2120,666
"54110 Lampikangas   (Lappeenranta )",0,355,40,315,541,87.8,478,63
"54120 Pulp   (Lappeenranta )",129,682,55,627,904,84.1,692,212
"54190 Konnunsuo   (Lappeenranta )",2,70,22,48,55,94.9,55,0
"54230 Nuijamaa   (Lappeenranta )",77,370,62,308,356,101.0,356,0
"54250 Rapattila   (Lappeenranta )",57,99,7,92,88,122.4,88,0
"54260 Hanhijärvi   (Lappeenranta )",38,341,31,310,312,125.4,312,0
"54270 Vainikkala   (Lappeenranta )",54,273,33,240,262,99.0,244,18
"54300 Vilkjärvi   (Lappeenranta )",179,320,39,281,269,115.2,269,0
"54310 Hytti   (Lappeenranta )",60,209,29,180,174,119.5,174,0
"54330 Simola   (Lappeenranta )",99,252,49,203,210,103.7,204,6
"54390 Pulsa   (Lappeenranta )",131,114,15,99,88,88.9,88,0
"54410 Ylämaa Keskus   (Lappeenranta )",484,529,80,449,531,93.3,531,0
"54430 Hujakkala   (Lappeenranta )",175,120,26,94,94,105.6,94,0
"54460 Ylijärvi   (Lappeenranta )",127,74,18,56,50,98.0,50,0
"54490 Ahomäki   (Miehikkälä )",154,144,18,126,127,92.9,108,19
"54500 Taavetti-Somerharju   (Luumäki )",1205,1356,252,1104,1734,82.5,1374,360
"54510 Uro   (Luumäki )",188,335,109,226,233,111.6,231,2
"54530 Luumäki   (Luumäki )",837,627,85,542,634,102.8,634,0
"54550 Suo-Anttila   (Luumäki )",102,54,7,47,40,111.6,40,0
"54580 Somerharju   (Luumäki )",105,30,3,27,21,91.5,21,0
"54590 Kaitjärvi   (Luumäki )",327,98,16,82,70,104.4,70,0
"54710 Lemi Keskus   (Lemi )",1044,707,86,621,771,87.2,761,10
"54720 Laksiainen   (Lemi )",85,102,9,93,78,109.7,78,0
"54750 Välijoki   (Savitaipale )",202,206,31,175,157,104.8,157,0
"54770 Heituinlahti   (Savitaipale )",828,393,60,333,291,103.0,291,0
"54800 Savitaipale Keskus   (Savitaipale )",1169,1325,281,1044,1513,83.4,1325,188
"54820 Kotimäki   (Lemi )",102,148,18,130,122,99.5,122,0
"54850 Kuukanniemi   (Lemi )",178,499,65,434,472,108.4,472,0
"54915 Saimaanharju-Kyläniemi   (Taipalsaari )",89,582,48,534,843,98.8,794,49
"54920 Taipalsaari   (Taipalsaari )",1368,780,194,586,687,104.1,660,27
"54930 Levänen   (Taipalsaari )",220,178,14,164,152,101.9,152,0
"54940 Solkei   (Taipalsaari )",291,96,13,83,69,111.0,69,0
"54950 Pettilä   (Savitaipale )",359,105,20,85,80,84.9,80,0
"54960 Vehkataipale   (Taipalsaari )",900,300,34,266,269,115.9,269,0
"55100 Imatra Keskus   (Imatra )",31,3044,224,2820,5915,76.8,3485,2430
"55120 Mansikkala-Tuulikallio   (Imatra )",2,701,110,591,2085,67.9,769,1316
"55300 Rauha-Tiuruniemi   (Lappeenranta )",73,487,83,404,536,89.0,409,127
"55320 Rauha   (Lappeenranta )",56,221,62,159,334,84.5,235,99
"55330 Tiuruniemi   (Lappeenranta )",3,12,5,7,39,75.0,15,24
"55400 Tainionkoski-Mustalampi   (Imatra )",1,627,30,597,721,87.3,649,72
"55420 Karhumäki-Karhukallio   (Imatra )",16,1046,109,937,1069,91.3,1045,24
"55510 Sotkulampi-Linnasuo   (Imatra )",0,168,10,158,908,62.6,165,743
"55610 Rajapatsas-Teppanala   (Imatra )",3,893,83,810,1744,74.7,956,788
"55700 Vintteri-Virasoja   (Imatra )",0,543,25,518,715,84.4,701,14
"55800 Vuoksenniska-Saarlampi   (Imatra )",196,1435,278,1157,2598,73.8,1292,1306
"55910 Rautio-Kurkvuori   (Imatra )",43,758,44,714,924,85.7,759,165
"56100 Ruokolahti Keskus   (Ruokolahti )",126,699,98,601,1181,81.6,846,335
"56120 Salosaari   (Ruokolahti )",223,405,38,367,381,108.3,381,0
"56140 Äitsaari   (Ruokolahti )",834,180,30,150,129,106.0,129,0
"56210 Virmutjoki   (Ruokolahti )",475,279,18,261,228,96.8,228,0
"56310 Syyspohja   (Ruokolahti )",773,171,22,149,121,107.0,121,0
"56330 Utula   (Ruokolahti )",79,39,5,34,25,88.1,25,0
"56350 Kyläniemi   (Taipalsaari )",164,36,14,22,18,88.7,18,0
"56410 Kaiturinpää   (Ruokolahti )",260,105,5,100,86,99.6,86,0
"56440 Pohja-Lankila   (Ruokolahti )",351,197,22,175,135,98.5,135,0
"56510 Puntala   (Ruokolahti )",95,235,37,198,208,94.6,208,0
"56550 Niska-Pietilä   (Rautjärvi )",79,96,12,84,69,101.1,69,0
"56610 Rautjärvi   (Rautjärvi )",497,381,44,337,361,79.3,361,0
"56640 Purnujärvi   (Rautjärvi )",67,80,10,70,59,92.3,59,0
"56710 Miettilä   (Rautjärvi )",41,98,11,87,77,104.9,77,0
"56730 Laikko   (Rautjärvi )",400,224,28,196,173,99.5,173,0
"56800 Simpele   (Rautjärvi )",434,1196,174,1022,1529,81.7,1206,323
"57100 Heikinpohja-Piispanmäki   (Savonlinna )",289,323,89,234,3049,57.2,201,2848
"57120 Savonlinna   (Savonlinna )",0,9,7,2,25,87.1,11,14
"57130 Savonlinna Keskus   (Savonlinna )",0,188,45,143,1622,60.6,109,1513
"57170 Sortteerinlahti-Talvisalo   (Savonlinna )",8,197,16,181,1568,59.1,187,1381
"57200 Miekonniemi-Venäjänniemi   (Savonlinna )",0,606,101,505,1577,72.7,834,743
"57210 Nojanmaa   (Savonlinna )",26,778,93,685,1380,81.2,950,430
"57220 Haka-alue-Viuhonmäki   (Savonlinna )",0,340,29,311,915,69.6,387,528
"57230 Inkerinkylä   (Savonlinna )",954,1135,162,973,1961,79.8,1244,717
"57310 Rinkilä   (Savonlinna )",571,473,75,398,370,101.7,370,0
"57510 Laitaatsilta   (Savonlinna )",0,183,16,167,246,94.2,219,27
"57600 Poukkusilta-Pihlajaniemi   (Savonlinna )",149,657,39,618,900,94.5,777,123
"57710 Kellarpelto-Rantakoivikko   (Savonlinna )",26,884,16,868,1428,90.4,1282,146
"57810 Aholahti   (Savonlinna )",219,177,30,147,170,96.2,157,13
"58130 Oravi   (Savonlinna )",176,107,29,78,74,90.2,74,0
"58140 Ahvensalmi   (Savonlinna )",196,85,16,69,49,101.0,49,0
"58150 Makkola   (Savonlinna )",106,122,15,107,106,110.7,106,0
"58160 Karvila   (Enonkoski )",47,109,14,95,86,100.2,86,0
"58170 Simanala   (Enonkoski )",174,148,13,135,123,115.5,123,0
"58175 Enonkoski Keskus   (Enonkoski )",204,490,90,400,571,85.7,556,15
"58180 Ihamaniemi   (Enonkoski )",365,134,22,112,88,100.2,88,0
"58200 Kerimäki Keskus   (Savonlinna )",1063,1537,306,1231,1811,86.9,1674,137
"58220 Louhi   (Savonlinna )",79,278,63,215,226,91.7,226,0
"58260 Kumpuranta   (Savonlinna )",268,142,23,119,106,102.5,106,0
"58300 Savonranta Keskus   (Savonlinna )",610,475,105,370,483,75.1,452,31
"58320 Raikuu   (Savonlinna )",304,168,48,120,103,111.8,103,0
"58350 Villala   (Kitee )",214,177,38,139,127,91.3,127,0
"58360 Säimen   (Savonlinna )",279,150,16,134,110,93.0,110,0
"58390 Rönkönvaara   (Savonlinna )",85,64,10,54,49,88.8,49,0
"58410 Haapakallio   (Savonlinna )",41,294,47,247,251,111.5,251,0
"58420 Silvola   (Savonlinna )",68,172,23,149,146,106.7,146,0
"58430 Kulennoinen   (Savonlinna )",177,298,61,237,219,110.2,219,0
"58450 Punkaharju   (Savonlinna )",234,384,176,208,237,94.9,224,13
"58500 Punkasalmi   (Savonlinna )",210,647,132,515,1037,76.8,832,205
"58520 Hiukkajoki   (Savonlinna )",319,291,99,192,166,102.9,162,4
"58550 Putikko   (Savonlinna )",215,356,110,246,244,85.9,229,15
"58570 Ruhvana   (Savonlinna )",116,58,3,55,39,112.4,39,0
"58580 Vuoriniemi   (Savonlinna )",158,94,20,74,61,105.3,61,0
"58610 Telakanava   (Sulkava )",352,97,11,86,73,109.3,73,0
"58620 Lohilahti   (Sulkava )",452,224,31,193,175,91.0,175,0
"58650 Kiviapaja   (Savonlinna )",207,98,18,80,68,100.7,68,0
"58680 Piojärvi   (Savonlinna )",100,41,6,35,35,86.6,28,7
"58690 Ala-Särkilahti-Piojärvi   (Savonlinna )",354,76,11,65,56,116.4,56,0
"58700 Sulkava Keskus   (Sulkava )",1316,1237,217,1020,1290,87.5,1243,47
"58720 Kaartilankoski   (Sulkava )",446,184,21,163,145,116.7,145,0
"58770 Pihlajalahti   (Savonlinna )",250,151,11,140,130,107.0,130,0
"58810 Kallislahti   (Savonlinna )",187,198,24,174,164,106.9,163,1
"58830 Parkumäki   (Rantasalmi )",202,167,15,152,139,107.6,139,0
"58850 Hiltula   (Rantasalmi )",55,76,15,61,53,110.3,53,0
"58900 Rantasalmi Keskus   (Rantasalmi )",1372,1188,226,962,1474,83.6,1111,363
"58910 Rantasalmi Asemanseutu   (Rantasalmi )",70,147,50,97,102,97.0,102,0
"58920 Kolkontaipale   (Rantasalmi )",200,251,36,215,171,107.6,171,0
"58940 Tuusmäki   (Rantasalmi )",149,137,9,128,112,121.6,112,0
"59100 Parikkala Keskus   (Parikkala )",408,1027,151,876,1357,81.9,993,364
"59130 Koitsanlahti   (Parikkala )",110,131,14,117,100,103.3,100,0
"59210 Melkoniemi   (Parikkala )",167,116,19,97,83,100.5,83,0
"59310 Särkisalmi   (Parikkala )",183,510,74,436,533,89.8,522,11
"59320 Haapaoja   (Parikkala )",76,64,5,59,54,108.8,54,0
"59410 Kirjavala   (Parikkala )",174,283,39,244,236,97.4,236,0
"59510 Maironiemi   (Parikkala )",37,193,31,162,255,76.0,249,6
"59520 Saari   (Parikkala )",37,87,17,70,73,102.8,65,8
"59530 Mikkolanniemi   (Parikkala )",64,61,10,51,50,98.9,50,0
"59610 Tarnala   (Parikkala )",37,116,14,102,97,99.7,97,0
"59710 Kummunkylä   (Parikkala )",56,73,16,57,53,96.8,53,0
"59720 Niukkala   (Parikkala )",168,121,36,85,114,75.9,114,0
"59730 Uukuniemi   (Parikkala )",256,111,43,68,73,85.9,73,0
"59800 Kesälahti Keskus   (Kitee )",633,942,230,712,1017,81.7,924,93
"59810 Suurikylä   (Kitee )",110,99,44,55,54,104.8,54,0
"59820 Purujärvi-Rajavaara   (Kitee )",65,129,23,106,88,96.4,88,0
"60100 Seinäjoki Keskus   (Seinäjoki )",0,1447,363,1084,7055,63.3,1341,5714
"60120 Pohja   (Seinäjoki )",1,675,129,546,1516,73.3,863,653
"60150 Kasperi   (Seinäjoki )",0,958,36,922,2489,80.6,1323,1166
"60200 Törnävä   (Seinäjoki )",27,2606,122,2484,5166,86.1,3919,1247
"60220 Huhtala   (Seinäjoki )",1,256,49,207,1268,68.4,476,792
"60280 Eskoon Keskuslaitosalue   (Seinäjoki )",0,10,10,0,0,0.0,0,0
"60320 Alakylä-Jouppi   (Seinäjoki )",2,1751,143,1608,3318,89.4,2709,609
"60420 Impivaara   (Seinäjoki )",10,467,35,432,451,120.0,445,6
"60450 Munakka   (Ilmajoki )",18,212,23,189,188,108.8,188,0
"60510 Hyllykallio   (Seinäjoki )",1,2214,290,1924,3668,93.4,3248,420
"60550 Nurmo Keskus   (Seinäjoki )",51,1597,169,1428,1934,101.2,1730,204
"60560 Halkosaari   (Seinäjoki )",6,219,14,205,257,107.5,257,0
"60640 Kurjenneva   (Seinäjoki )",78,289,40,249,256,113.2,256,0
"60720 Tuomikylä   (Ilmajoki )",15,710,46,664,766,113.9,766,0
"60760 Pohjanluoma   (Ilmajoki )",76,461,64,397,405,110.7,405,0
"60800 Ilmajoki Keskus   (Ilmajoki )",113,2263,330,1933,2931,91.4,2644,287
"61100 Peräseinäjoki Keskus   (Seinäjoki )",207,919,127,792,1160,84.5,1046,114
"61110 Vuolle   (Seinäjoki )",8,115,11,104,98,96.4,98,0
"61120 Louko   (Seinäjoki )",30,288,17,271,281,114.1,281,0
"61140 Pasto   (Seinäjoki )",6,71,5,66,60,84.5,60,0
"61150 Sydänmaa   (Alavus )",322,48,7,41,35,104.9,35,0
"61160 Koura   (Seinäjoki )",51,318,37,281,297,90.7,297,0
"61170 Sääskiniemi   (Alavus )",416,183,25,158,148,99.3,148,0
"61180 Haapaluoma   (Seinäjoki )",16,127,6,121,118,90.7,118,0
"61220 Myllysalo   (Kurikka )",26,140,21,119,110,103.1,110,0
"61230 Luopa   (Kurikka )",49,403,58,345,349,99.4,349,0
"61250 Jalasto   (Kurikka )",18,178,25,153,151,109.1,151,0
"61270 Luopajärvi   (Kurikka )",30,325,52,273,280,108.4,280,0
"61280 Jokipii   (Kurikka )",25,304,45,259,283,97.6,279,4
"61290 Taivalmaa   (Kurikka )",20,81,8,73,64,84.2,64,0
"61300 Kurikka Keskus   (Kurikka )",103,2807,628,2179,3375,89.0,2859,516
"61310 Panttila   (Kurikka )",22,395,71,324,365,97.3,360,5
"61330 Koskenkorva   (Ilmajoki )",38,1004,146,858,1018,95.7,936,82
"61340 Nopankylä   (Ilmajoki )",84,163,24,139,138,102.3,138,0
"61350 Huissi   (Ilmajoki )",34,209,24,185,191,105.2,191,0
"61360 Mieto   (Kurikka )",123,581,101,480,497,102.6,492,5
"61370 Lohiluoma   (Kurikka )",27,213,35,178,172,105.0,172,0
"61380 Polvenkylä   (Kurikka )",32,95,12,83,81,93.6,81,0
"61400 Ylistaro Keskus   (Seinäjoki )",45,921,205,716,1113,88.7,1106,7
"61410 Ylistaro Asemanseutu   (Seinäjoki )",58,457,62,395,399,98.6,399,0
"61430 Isorehto   (Seinäjoki )",43,208,26,182,184,106.5,184,0
"61440 Untamala   (Seinäjoki )",32,126,21,105,99,108.9,99,0
"61450 Kylänpää   (Seinäjoki )",67,414,76,338,313,100.7,313,0
"61460 Hanhikoski   (Seinäjoki )",24,138,16,122,116,106.5,116,0
"61470 Kitinoja   (Seinäjoki )",17,192,17,175,187,114.6,187,0
"61500 Isokyrö Keskus   (Isokyrö )",98,1191,131,1060,1411,91.7,1258,153
"61520 Lehmäjoki   (Isokyrö )",29,168,21,147,138,97.5,138,0
"61550 Orismala   (Isokyrö )",67,393,55,338,342,102.7,342,0
"61560 Orisberg   (Isokyrö )",38,42,7,35,29,113.2,29,0
"61600 Jalasjärvi Keskus   (Kurikka )",51,1545,285,1260,2254,85.2,1969,285
"61630 Hirvijärvi   (Kurikka )",29,183,21,162,159,101.4,159,0
"61640 Ala-Valli   (Kurikka )",44,146,16,130,122,94.9,122,0
"61650 Kalakoski   (Seinäjoki )",40,231,22,209,215,86.9,215,0
"61680 Mantila   (Kurikka )",26,145,15,130,129,100.7,118,11
"61710 Pentinmäki   (Kurikka )",8,156,24,132,138,108.4,138,0
"61720 Koskue   (Kurikka )",128,372,48,324,323,94.7,316,7
"61730 Yli-Valli   (Kurikka )",85,190,21,169,144,95.5,144,0
"61760 Ilvesjoki   (Kurikka )",31,208,33,175,177,99.9,177,0
"61800 Kauhajoki Keskus   (Kauhajoki )",34,3177,407,2770,4506,90.1,4042,464
"61810 Luomankylä   (Kauhajoki )",10,157,13,144,143,102.2,143,0
"61820 Kainasto   (Kauhajoki )",19,361,43,318,304,94.3,303,1
"61840 Norinkylä   (Teuva )",15,197,29,168,177,95.6,177,0
"61850 Kauhajoki Asemanseutu   (Kauhajoki )",64,1138,183,955,1153,93.9,1131,22
"61860 Harja   (Kauhajoki )",9,116,8,108,97,103.2,97,0
"61880 Ikkeläjärvi   (Kauhajoki )",58,123,17,106,104,92.2,104,0
"61910 Nummijärvi   (Kauhajoki )",242,177,27,150,147,94.1,147,0
"61920 Nummikoski   (Kauhajoki )",13,64,3,61,46,90.5,46,0
"61940 Hyyppä   (Kauhajoki )",27,191,13,178,152,94.2,152,0
"61950 Juonikylä   (Kauhajoki )",9,120,14,106,103,91.1,103,0
"61960 Kyrönlatva   (Kauhajoki )",23,120,13,107,92,96.7,92,0
"61980 Päntäne   (Kauhajoki )",68,574,56,518,517,89.1,503,14
"62100 Lapua Keskus   (Lapua )",153,3854,568,3286,5351,92.5,4025,1326
"62130 Hellanmaa   (Lapua )",41,288,30,258,248,118.7,248,0
"62150 Rintakangas   (Kauhava )",5,78,14,64,63,110.3,63,0
"62160 Karhunkylä   (Lapua )",50,292,29,263,263,114.6,263,0
"62165 Tiisteenjoki   (Lapua )",50,199,25,174,174,107.7,174,0
"62170 Lakaluoma   (Lapua )",68,163,12,151,143,95.9,143,0
"62175 Ylikylä-Mäenpää   (Lapua )",18,89,9,80,82,109.6,82,0
"62185 Mäki-Paavola   (Lapua )",124,91,20,71,69,110.1,69,0
"62190 Ruha   (Lapua )",39,295,24,271,275,112.0,275,0
"62200 Kauhava Keskus   (Kauhava )",102,2385,415,1970,3095,90.0,2569,526
"62220 Pernaa   (Kauhava )",20,262,27,235,228,107.3,222,6
"62230 Jylhä   (Kauhava )",29,237,36,201,191,108.6,190,1
"62240 Huhmarkoski   (Kauhava )",59,360,41,319,302,100.0,302,0
"62260 Hirvijoki   (Kauhava )",15,108,10,98,95,103.0,95,0
"62280 Mustamaa   (Lapua )",17,71,12,59,55,110.9,55,0
"62290 Hirvikylä   (Lapua )",20,151,13,138,134,97.7,134,0
"62295 Kauhajärvi   (Lapua )",63,276,50,226,211,100.4,211,0
"62300 Härmä   (Kauhava )",96,1050,179,871,1260,94.0,1183,77
"62310 Voltti   (Kauhava )",122,657,69,588,561,105.5,560,1
"62340 Kuoppa-Vakkuri   (Kauhava )",17,63,5,58,58,89.6,58,0
"62350 Ekola   (Kauhava )",13,58,9,49,52,116.0,52,0
"62370 Kangasto   (Kauhava )",0,49,9,40,102,72.8,75,27
"62375 Ylihärmä Keskus-Vesiluoma   (Kauhava )",96,1185,182,1003,1326,94.7,1288,38
"62380 Kosolankylä   (Kauhava )",23,138,8,130,122,95.7,122,0
"62395 Petterinmäki   (Vöyri )",26,100,16,84,74,90.3,74,0
"62410 Rintala   (Kauhava )",53,151,10,141,145,112.4,145,0
"62420 Kortesjärvi Keskus   (Kauhava )",102,487,101,386,555,88.9,546,9
"62430 Peltotupa   (Kauhava )",9,72,7,65,59,108.0,59,0
"62435 Pirttinen   (Kauhava )",22,83,19,64,65,100.8,62,3
"62440 Perkiömäki   (Kauhava )",10,57,4,53,57,109.1,57,0
"62470 Purmojärvi   (Kauhava )",275,238,30,208,215,104.8,215,0
"62500 Evijärvi Keskus   (Evijärvi )",528,737,110,627,773,98.2,743,30
"62510 Kuoppa-aho   (Evijärvi )",9,169,30,139,170,102.2,160,10
"62520 Kautiainen   (Evijärvi )",37,94,18,76,81,101.3,81,0
"62540 Vasikka-aho   (Evijärvi )",92,180,29,151,161,101.9,161,0
"62570 Särkilä   (Evijärvi )",19,111,10,101,101,102.8,101,0
"62600 Lappajärvi Keskus   (Lappajärvi )",573,884,177,707,1014,91.2,826,188
"62610 Tarvola   (Lappajärvi )",88,93,10,83,74,110.2,74,0
"62620 Ala-Seppä   (Lappajärvi )",66,104,9,95,94,107.1,94,0
"62630 Karvala   (Lappajärvi )",187,249,36,213,191,105.7,191,0
"62640 Savonkylä   (Lappajärvi )",113,83,15,68,57,113.4,57,0
"62660 Itäkylä   (Lappajärvi )",118,327,39,288,286,102.9,277,9
"62710 Kurejoki   (Alajärvi )",115,365,63,302,303,102.8,303,0
"62720 Sissala   (Alajärvi )",24,149,10,139,126,112.2,126,0
"62730 Haukkala   (Alajärvi )",27,110,21,89,94,108.4,94,0
"62740 Koskenvarsi   (Alajärvi )",13,122,22,100,95,113.9,95,0
"62750 Saukonkylä   (Alajärvi )",22,133,12,121,105,100.4,105,0
"62760 Menkijärvi   (Alajärvi )",97,147,29,118,105,100.8,105,0
"62800 Vimpeli Keskus   (Vimpeli )",248,1151,206,945,1137,98.5,1099,38
"62810 Savonjoki   (Vimpeli )",25,82,11,71,62,101.4,62,0
"62830 Luoma-Aho   (Alajärvi )",84,171,17,154,144,108.1,144,0
"62840 Lakaniemi-Pokela   (Vimpeli )",19,30,2,28,26,111.9,26,0
"62860 Sahi   (Vimpeli )",64,113,11,102,100,105.7,100,0
"62870 Vinni   (Vimpeli )",13,35,5,30,27,93.6,27,0
"62880 Sääksvesi-Vinni   (Vimpeli )",72,169,15,154,147,102.9,147,0
"62900 Alajärvi Keskus   (Alajärvi )",305,1856,305,1551,2236,94.5,1999,237
"62920 Levijoki   (Alajärvi )",8,51,11,40,39,114.2,39,0
"62940 Hoisko   (Alajärvi )",106,307,54,253,242,111.7,242,0
"62950 Paalijärvi   (Alajärvi )",36,216,16,200,202,107.4,202,0
"62990 Möksy   (Alajärvi )",21,99,19,80,68,95.9,68,0
"63100 Kuortane Keskus   (Kuortane )",111,691,162,529,884,88.2,822,62
"63120 Leppälänkylä   (Kuortane )",47,224,48,176,181,99.3,178,3
"63130 Mäyry   (Kuortane )",244,414,51,363,352,111.0,351,1
"63150 Ruona   (Kuortane )",136,268,39,229,218,105.8,218,0
"63160 Salmi   (Kuortane )",84,95,11,84,72,113.3,72,0
"63210 Niinimaa   (Alavus )",108,79,4,75,67,90.7,67,0
"63230 Lentilä   (Kuortane )",36,172,24,148,151,106.1,150,1
"63250 Rantala   (Kuortane )",6,60,12,48,50,100.9,50,0
"63300 Alavus Keskus   (Alavus )",136,1729,276,1453,2408,89.0,1906,502
"63320 Kattelus   (Alavus )",29,40,5,35,34,94.6,34,0
"63330 Pahajoki   (Alavus )",60,115,17,98,85,99.3,85,0
"63340 Sapsalampi   (Alavus )",195,140,12,128,118,93.6,118,0
"63350 Sulkavankylä   (Alavus )",32,104,9,95,97,101.9,97,0
"63355 Seinäjärvi   (Alavus )",134,76,12,64,59,110.4,59,0
"63360 Kuivaskylä   (Alavus )",14,137,12,125,120,96.3,120,0
"63370 Taipalus   (Alavus )",78,259,27,232,229,102.2,229,0
"63400 Alavus Asemanseutu   (Alavus )",66,664,113,551,693,90.0,646,47
"63410 Rantatöysä   (Alavus )",39,257,45,212,234,90.6,229,5
"63430 Kätkänjoki   (Alavus )",7,75,4,71,77,102.2,77,0
"63450 Löyä   (Kuortane )",21,37,1,36,37,106.9,37,0
"63500 Lehtimäki Keskus   (Alajärvi )",192,469,75,394,550,84.5,533,17
"63510 Lehtimäki Kirkonkylä   (Alajärvi )",73,200,35,165,144,102.4,144,0
"63530 Länsikylä   (Alajärvi )",191,112,15,97,79,113.2,79,0
"63540 Hernesmaa   (Alajärvi )",31,149,21,128,112,98.7,112,0
"63600 Töysä Keskus   (Alavus )",106,627,134,493,705,86.4,659,46
"63610 Tuuri   (Alavus )",75,493,100,393,541,92.1,541,0
"63640 Ritola   (Alavus )",190,259,58,201,178,105.0,178,0
"63660 Ähtärinranta   (Ähtäri )",124,115,12,103,97,98.8,97,0
"63680 Hakojärvi   (Alavus )",83,175,34,141,150,100.8,147,3
"63700 Ähtäri Keskus   (Ähtäri )",515,1769,310,1459,2394,85.7,2034,360
"63770 Peränne   (Ähtäri )",125,124,14,110,106,108.3,106,0
"63780 Alastaipale   (Ähtäri )",68,114,10,104,91,94.8,91,0
"63800 Soini Keskus   (Soini )",442,964,200,764,918,87.6,918,0
"63830 Keisala   (Soini )",11,50,6,44,38,83.1,38,0
"63880 Kukonkylä   (Soini )",38,124,17,107,103,96.9,103,0
"63890 Hautakylä   (Soini )",20,75,9,66,63,101.7,63,0
"63900 Myllymäki-Vehunkylä   (Ähtäri )",262,341,44,297,287,91.6,286,1
"63910 Inhan Tehtaat   (Ähtäri )",39,142,28,114,142,82.6,135,7
"63920 Inha   (Ähtäri )",220,326,123,203,195,106.5,192,3
"63950 Vehunkylä   (Ähtäri )",35,56,8,48,33,102.9,33,0
"64100 Kristiinankaupunki Keskus   (Kristiinankaupunki",330,1319,291,1028,1723,91.1,1416,307
"64140 Tiukka   (Kristiinankaupunki )",12,304,46,258,260,106.5,260,0
"64200 Närpiö Keskus   (Närpiö )",25,1037,202,835,1460,86.3,935,525
"64210 Kalax   (Närpiö )",194,271,48,223,206,115.3,206,0
"64220 Yttermark   (Närpiö )",20,505,62,443,465,105.4,456,9
"64230 Närpiön Asemanseutu   (Närpiö )",6,587,189,398,439,110.5,436,3
"64240 Böle   (Närpiö )",68,136,13,123,109,110.2,109,0
"64250 Pjelax   (Närpiö )",152,237,46,191,174,114.8,174,0
"64260 Kaskinen   (Närpiö )",253,742,180,562,895,89.7,584,311
"64300 Lapväärtti   (Kristiinankaupunki )",167,1018,203,815,914,103.0,859,55
"64320 Dagsmark   (Kristiinankaupunki )",20,327,63,264,233,106.7,233,0
"64350 Karijoki Keskus   (Karijoki )",88,676,95,581,665,87.8,665,0
"64370 Myrkky   (Karijoki )",29,213,28,185,190,91.5,190,0
"64440 Metsälä-Kallträsk   (Kristiinankaupunki )",33,153,15,138,124,102.6,124,0
"64450 Kallträsk   (Kristiinankaupunki )",3,47,11,36,30,108.0,30,0
"64460 Härkmeri   (Kristiinankaupunki )",127,218,26,192,174,107.0,174,0
"64480 Skaftung   (Kristiinankaupunki )",347,206,37,169,145,99.0,145,0
"64490 Siipyy   (Kristiinankaupunki )",297,180,31,149,127,91.9,122,5
"64510 Nämpnäs   (Närpiö )",323,278,64,214,194,107.2,194,0
"64530 Norrnäs   (Närpiö )",245,196,32,164,143,110.3,143,0
"64550 Rangsby   (Närpiö )",127,177,28,149,137,104.6,134,3
"64610 Övermark   (Närpiö )",26,636,86,550,561,101.6,546,15
"64700 Teuva Keskus   (Teuva )",108,1609,229,1380,1778,95.3,1719,59
"64720 Perälä   (Teuva )",24,377,32,345,330,96.8,330,0
"64740 Horo   (Teuva )",17,164,14,150,151,96.0,151,0
"64760 Peltola   (Teuva )",3,196,17,179,185,101.2,185,0
"64770 Äystö   (Teuva )",13,278,34,244,236,100.8,236,0
"64810 Vanhakylä   (Isojoki )",64,190,32,158,162,94.1,162,0
"64820 Kärjenkoski   (Isojoki )",44,146,8,138,112,93.9,112,0
"64830 Villamo   (Isojoki )",26,146,30,116,100,96.8,100,0
"64840 Heikkilänjoki   (Isojoki )",12,36,2,34,30,80.6,30,0
"64850 Möykky   (Isojoki )",32,84,7,77,70,99.2,70,0
"64900 Isojoki Keskus   (Isojoki )",89,626,142,484,671,83.4,636,35
"64930 Kodesjärvi   (Isojoki )",38,144,14,130,107,95.6,107,0
"65100 Vaasa Keskus   (Vaasa )",0,1357,483,874,13091,58.0,340,12751
"65130 Hietalahti   (Vaasa )",0,14,13,1,..,..,..,..
"65170 Vaskiluoto   (Vaasa )",5,296,247,49,209,73.7,63,146
"65200 Palosaari   (Vaasa )",2,687,138,549,4176,57.4,475,3701
"65230 Vetokannas   (Vaasa )",8,1384,173,1211,2680,89.7,1614,1066
"65280 Gerby   (Vaasa )",868,2046,249,1797,2904,103.4,2448,456
"65300 Asevelikylä   (Vaasa )",2,1509,124,1385,2077,100.0,1801,276
"65320 Huutoniemi   (Vaasa )",1,1469,172,1297,3231,81.5,1856,1375
"65350 Suvilahti   (Vaasa )",2,464,157,307,2309,68.5,433,1876
"65370 Ristinummi   (Vaasa )",0,874,134,740,2521,75.0,849,1672
"65380 Vanha Vaasa   (Vaasa )",7,974,241,733,1741,84.7,896,845
"65410 Sundom   (Vaasa )",807,1182,245,937,1011,117.2,1007,4
"65450 Sulva   (Mustasaari )",51,879,140,739,832,113.1,825,7
"65460 Tölby-Rimal   (Mustasaari )",13,141,15,126,126,120.0,126,0
"65470 Rimal   (Mustasaari )",3,28,7,21,21,109.3,21,0
"65480 Vikby   (Mustasaari )",3,133,23,110,116,110.5,116,0
"65520 Helsingby   (Mustasaari )",40,710,144,566,629,113.4,628,1
"65610 Mustasaari Keskus   (Mustasaari )",77,1661,387,1274,2652,96.7,1904,748
"65630 Karperö   (Mustasaari )",50,492,68,424,507,110.3,507,0
"65650 Koskö   (Mustasaari )",87,139,12,127,126,101.7,126,0
"65710 Singsby   (Mustasaari )",10,274,37,237,244,122.8,244,0
"65730 Jungsund   (Mustasaari )",104,207,27,180,193,106.4,193,0
"65760 Iskmo   (Mustasaari )",476,177,43,134,129,116.0,129,0
"65800 Raippaluoto   (Mustasaari )",372,431,89,342,343,112.9,343,0
"65870 Björköby   (Mustasaari )",231,247,56,191,185,104.0,185,0
"65920 Norra Vallgrund-Söderudden   (Mustasaari )",141,180,33,147,143,110.2,143,0
"65930 Södra Vallgrund   (Mustasaari )",390,221,33,188,180,106.0,180,0
"65970 Söderudden   (Mustasaari )",423,153,32,121,106,104.3,106,0
"66100 Maalahti   (Maalahti )",710,866,157,709,931,100.8,876,55
"66140 Övermalax   (Maalahti )",68,768,54,714,806,96.5,782,24
"66160 Långåminne   (Maalahti )",36,172,19,153,156,98.2,156,0
"66200 Korsnäs Keskus   (Korsnäs )",238,443,132,311,383,103.4,370,13
"66210 Moikipää   (Korsnäs )",543,323,60,263,283,107.5,279,4
"66220 Bergö   (Maalahti )",492,315,44,271,263,97.2,263,0
"66230 Korsbäck   (Korsnäs )",4,69,11,58,47,112.2,47,0
"66240 Petolahti   (Maalahti )",495,591,105,486,531,102.5,531,0
"66260 Svarvar   (Maalahti )",24,76,9,67,56,99.0,56,0
"66270 Pirttikylä-Sorvari   (Närpiö )",29,529,97,432,463,99.2,430,33
"66280 Taklax   (Korsnäs )",15,215,35,180,178,111.7,178,0
"66290 Harrström   (Korsnäs )",147,200,41,159,174,106.7,174,0
"66295 Töjby   (Närpiö )",306,227,34,193,178,107.1,178,0
"66300 Jurva Keskus   (Kurikka )",48,1010,239,771,1125,86.3,1013,112
"66320 Niemenkylä   (Kurikka )",16,199,30,169,158,96.0,156,2
"66330 Hakko   (Kurikka )",42,171,18,153,138,87.6,138,0
"66340 Sarvijoki   (Kurikka )",55,199,17,182,166,97.6,166,0
"66350 Tainus   (Kurikka )",16,103,21,82,75,105.1,75,0
"66360 Kesti   (Kurikka )",44,241,39,202,199,102.5,198,1
"66370 Närvijoki   (Kurikka )",24,216,24,192,169,89.4,169,0
"66400 Laihia Keskus   (Laihia )",59,2142,270,1872,2901,94.5,2513,388
"66420 Ruto   (Laihia )",14,189,32,157,169,110.0,169,0
"66430 Vedenoja   (Vaasa )",9,106,26,80,87,92.3,85,2
"66440 Tervajoki   (Isokyrö )",91,957,131,826,944,97.8,944,0
"66450 Jakkula   (Laihia )",64,464,53,411,426,101.4,417,9
"66460 Haapala   (Laihia )",34,181,20,161,163,99.4,163,0
"66470 Jukaja-Jokisalo   (Laihia )",66,209,38,171,170,96.5,170,0
"66500 Vähäkyrö Keskus   (Vaasa )",104,1143,155,988,1163,95.3,1068,95
"66510 Merikaarto   (Vaasa )",52,541,58,483,522,111.5,512,10
"66520 Veikkaala   (Mustasaari )",38,291,38,253,276,101.5,276,0
"66530 Koivulahti   (Mustasaari )",27,730,143,587,762,106.0,731,31
"66540 Petsmo   (Mustasaari )",474,304,43,261,275,101.5,275,0
"66550 Västerhankmo   (Mustasaari )",67,155,18,137,143,104.2,143,0
"66560 Österhankmo   (Mustasaari )",151,129,20,109,106,104.4,106,0
"66580 Kuni   (Mustasaari )",23,197,31,166,161,113.2,161,0
"66590 Vassor   (Mustasaari )",133,100,13,87,88,101.4,84,4
"66600 Vöyri Keskus   (Vöyri )",118,1382,263,1119,1365,101.0,1279,86
"66640 Maksamaa   (Vöyri )",1317,609,96,513,543,98.7,537,6
"66660 Bertby   (Vöyri )",117,78,14,64,65,100.4,65,0
"66680 Kaurajärvi   (Vöyri )",3,60,13,47,44,105.1,44,0
"66710 Kaitsor   (Vöyri )",174,170,39,131,143,105.4,125,18
"66730 Oxkangar   (Vöyri )",239,51,9,42,42,90.9,42,0
"66800 Oravainen Keskus   (Vöyri )",242,414,86,328,494,98.5,374,120
"66810 Kimo   (Vöyri )",20,167,25,142,156,107.6,150,6
"66820 Komossa   (Vöyri )",102,132,15,117,110,118.8,107,3
"66830 Oravaisten Tehdas   (Vöyri )",95,283,45,238,275,95.3,233,42
"66840 Pensala   (Uusikaarlepyy )",13,181,31,150,169,102.1,169,0
"66850 Jepua   (Uusikaarlepyy )",27,490,94,396,469,98.7,456,13
"66900 Uusikaarlepyy Keskus   (Uusikaarlepyy )",480,1492,302,1190,1945,90.7,1306,639
"66910 Soklot   (Uusikaarlepyy )",249,206,32,174,175,123.5,175,0
"66930 Kovjoki   (Uusikaarlepyy )",16,132,35,97,94,110.8,94,0
"66950 Munsala   (Uusikaarlepyy )",397,513,92,421,438,107.0,431,7
"66970 Hirvlax   (Uusikaarlepyy )",434,307,58,249,260,104.2,260,0
"66980 Monå   (Uusikaarlepyy )",109,70,5,65,58,112.9,58,0
"66999 Kaukaluoto   (Mustasaari )",413,61,21,40,35,84.2,35,0
"67100 Kokkola Keskus   (Kokkola )",22,2142,425,1717,6223,69.7,2350,3873
"67200 Kiviniitty-Tullimäki   (Kokkola )",11,736,87,649,2718,69.7,947,1771
"67300 Halkokari   (Kokkola )",175,1209,56,1153,1683,102.5,1534,149
"67400 Rytimäki   (Kokkola )",154,1461,57,1404,1752,111.1,1688,64
"67410 Vitsari   (Kokkola )",24,356,34,322,318,119.3,318,0
"67500 Sokoja   (Kokkola )",6,482,63,419,434,117.5,434,0
"67600 Linnusperä-Kaustari   (Kokkola )",1,1130,169,961,1046,120.8,1046,0
"67700 Kirkonmäki-Isokylä   (Kokkola )",4,1543,108,1435,1924,105.9,1776,148
"67800 Koivuhaka   (Kokkola )",137,780,151,629,1939,79.8,805,1134
"67900 Ykspihjala   (Kokkola )",29,769,218,551,655,89.4,638,17
"68100 Himanka Keskus   (Kalajoki )",459,1226,200,1026,1201,97.2,1201,0
"68150 Hillilä   (Kalajoki )",17,151,12,139,138,114.0,138,0
"68210 Marinkainen   (Kokkola )",107,370,36,334,397,105.0,397,0
"68220 Karhi   (Kokkola )",37,57,4,53,54,118.4,54,0
"68230 Lohtaja Keskus   (Kokkola )",159,532,76,456,533,103.1,525,8
"68240 Ala-Viirre   (Kokkola )",107,174,18,156,166,105.4,166,0
"68300 Kälviä Keskus   (Kokkola )",69,1522,179,1343,1654,105.8,1567,87
"68320 Ruotsalo   (Kokkola )",491,338,21,317,316,117.7,316,0
"68370 Ullava Keskus   (Kokkola )",33,191,30,161,192,92.0,192,0
"68380 Yli-Ullava   (Kokkola )",62,189,26,163,175,105.9,175,0
"68390 Rahkonen   (Kokkola )",12,66,5,61,61,107.8,61,0
"68410 Alaveteli   (Kruunupyy )",167,845,199,646,710,111.4,696,14
"68500 Kruunupyy Keskus   (Kruunupyy )",431,1368,363,1005,1261,104.1,1153,108
"68530 Lepplax   (Pedersören kunta )",411,219,47,172,176,129.9,176,0
"68550 Öja   (Kokkola )",562,365,51,314,322,115.7,322,0
"68555 Bosund   (Luoto )",402,314,41,273,337,111.2,337,0
"68560 Eugmo   (Luoto )",675,301,43,258,278,117.9,278,0
"68570 Luoto   (Luoto )",619,715,66,649,797,106.5,750,47
"68580 Furuholmen   (Luoto )",159,275,10,265,310,106.4,310,0
"68600 Pietarsaari Keskus   (Pietarsaari )",149,3714,867,2847,5902,84.7,3323,2579
"68620 Skutnäs-Västermalm   (Pietarsaari )",959,1432,186,1246,2516,80.8,1498,1018
"68630 Kyrkostrand   (Pietarsaari )",0,903,90,813,1027,106.3,961,66
"68660 Östermalm-Björnholmen   (Pietarsaari )",130,693,128,565,1232,80.2,590,642
"68690 Sundby   (Pedersören kunta )",12,191,37,154,156,111.4,156,0
"68700 Teerijärvi   (Kruunupyy )",251,995,270,725,865,106.4,855,10
"68750 Småbönders   (Kruunupyy )",9,142,32,110,119,116.8,119,0
"68800 Kolppi   (Pedersören kunta )",11,527,132,395,440,113.3,428,12
"68810 Ytteresse   (Pedersören kunta )",10,513,126,387,440,120.6,440,0
"68820 Ähtävä   (Pedersören kunta )",54,485,110,375,459,106.5,432,27
"68830 Bäckby   (Pedersören kunta )",4,73,14,59,63,114.0,63,0
"68840 Nederlappfors   (Pedersören kunta )",101,197,41,156,151,103.4,151,0
"68870 Edsevö   (Pedersören kunta )",6,200,36,164,244,95.8,179,65
"68910 Pännäinen   (Pedersören kunta )",25,596,159,437,518,106.7,465,53
"68920 Forsby   (Pedersören kunta )",25,225,42,183,191,119.2,191,0
"68930 Purmo   (Pedersören kunta )",27,354,74,280,307,106.8,291,16
"68940 Lillby   (Pedersören kunta )",58,260,62,198,216,103.6,204,12
"68970 Överpurmo   (Pedersören kunta )",35,165,25,140,126,97.5,126,0
"68999 Rita   (Kokkola )",1,31,2,29,31,112.3,31,0
"69100 Kannus Keskus   (Kannus )",81,2075,309,1766,2478,93.4,2214,264
"69150 Eskola   (Kannus )",34,267,35,232,233,87.5,228,5
"69170 Yli-Kannus   (Kannus )",38,146,10,136,119,112.1,119,0
"69300 Toholampi Keskus   (Toholampi )",56,917,135,782,1092,95.7,1050,42
"69310 Laitala   (Toholampi )",23,176,25,151,140,115.6,140,0
"69330 Määttälä   (Toholampi )",16,72,7,65,71,115.8,71,0
"69340 Purontaka   (Toholampi )",28,83,8,75,69,121.1,69,0
"69410 Sykäräinen   (Toholampi )",38,259,32,227,241,101.0,241,0
"69420 Syri   (Lestijärvi )",8,33,6,27,29,126.5,29,0
"69440 Lestijärvi Keskus   (Lestijärvi )",310,270,48,222,265,91.1,265,0
"69450 Yli-Lesti   (Lestijärvi )",117,134,27,107,100,106.1,100,0
"69510 Halsua Keskus-Marjusaari   (Halsua )",141,498,126,372,426,96.6,426,0
"69550 Kanala   (Halsua )",29,64,6,58,50,101.0,50,0
"69570 Karvonen   (Halsua )",55,155,16,139,137,110.7,137,0
"69600 Kaustinen Keskus   (Kaustinen )",159,1792,279,1513,1881,99.6,1806,75
"69660 Köyhäjoki   (Kaustinen )",13,118,11,107,109,112.9,109,0
"69700 Veteli Keskus   (Veteli )",70,688,134,554,703,97.5,695,8
"69730 Tunkkari   (Veteli )",4,219,27,192,215,109.8,215,0
"69750 Sillanpää   (Veteli )",44,132,36,96,92,100.7,92,0
"69820 Räyrinki   (Veteli )",100,417,64,353,377,95.0,361,16
"69830 Pulkkinen   (Veteli )",23,149,12,137,132,106.4,132,0
"69850 Patana   (Veteli )",38,121,18,103,98,100.5,98,0
"69910 Kivikangas   (Perho )",15,41,6,35,31,93.4,31,0
"69920 Oksakoski-Kivikangas   (Perho )",25,265,33,232,231,103.3,231,0
"69950 Perho Keskus-Salamajärvi   (Perho )",92,537,92,445,598,90.3,598,0
"69970 Salamajärvi   (Perho )",40,31,2,29,20,99.6,20,0
"69980 Möttönen   (Perho )",69,387,53,334,344,108.9,344,0
"70100 Kuopio Keskus   (Kuopio )",273,724,200,524,8278,59.4,434,7844
"70110 Etu-Niirala   (Kuopio )",0,198,103,95,2842,51.4,71,2771
"70150 Neulamäki   (Kuopio )",14,731,102,629,3187,62.9,1024,2163
"70200 Puijonlaakso   (Kuopio )",2,227,62,165,3813,62.8,287,3526
"70210 Kuopion Keskussairaala-alue   (Kuopio )",152,52,51,1,..,..,..,..
"70240 Niuvaniemen Sairaala-alue   (Kuopio )",0,28,19,9,75,50.9,9,66
"70260 Julkula   (Kuopio )",147,406,33,373,1138,85.9,920,218
"70280 Länsi-Puijo   (Kuopio )",0,331,13,318,1150,77.4,475,675
"70300 Linnanpelto   (Kuopio )",0,149,27,122,542,72.8,180,362
"70340 Inkilänmäki   (Kuopio )",0,455,39,416,1931,69.3,534,1397
"70400 Kettulanlahti   (Kuopio )",2,304,33,271,337,106.0,337,0
"70420 Päiväranta   (Kuopio )",334,450,75,375,1207,80.6,619,588
"70460 Saarijärvi   (Kuopio )",11,429,169,260,2288,66.4,371,1917
"70500 Männistö   (Kuopio )",0,613,107,506,4537,57.2,706,3831
"70600 Niirala-Huuhanmäki   (Kuopio )",0,461,33,428,2150,60.3,499,1651
"70620 Haapaniemi   (Kuopio )",1,453,100,353,1429,63.0,514,915
"70700 Särkiniemi   (Kuopio )",148,429,132,297,2031,69.1,605,1426
"70780 Jynkkä   (Kuopio )",6,1090,170,920,2388,82.7,1721,667
"70800 Pitkälahti   (Kuopio )",169,1054,133,921,1480,97.6,1177,303
"70820 Litmanen   (Kuopio )",20,1891,81,1810,5685,81.4,2841,2844
"70840 Jynkänmäki   (Kuopio )",129,1062,30,1032,2351,100.8,1392,959
"70870 Hiltulanlahti   (Kuopio )",335,1071,111,960,983,119.5,983,0
"70900 Toivala   (Siilinjärvi )",130,1077,180,897,1108,112.7,1100,8
"70910 Vuorela   (Siilinjärvi )",200,575,90,485,1438,83.8,1040,398
"70940 Jännevirta   (Kuopio )",163,288,51,237,231,123.5,231,0
"71130 Kortejoki   (Kuopio )",342,284,32,252,250,111.4,250,0
"71150 Vartiala   (Kuopio )",342,327,47,280,277,108.3,277,0
"71160 Riistavesi   (Kuopio )",552,672,72,600,752,94.3,721,31
"71170 Laukka-aho   (Tuusniemi )",15,61,5,56,53,92.8,50,3
"71200 Tuusniemi Keskus   (Tuusniemi )",357,772,122,650,937,80.2,844,93
"71210 Tuusjärvi   (Tuusniemi )",74,149,21,128,113,91.2,113,0
"71240 Paakkila   (Tuusniemi )",178,161,39,122,117,91.0,117,0
"71260 Juurikkamäki   (Tuusniemi )",128,106,11,95,74,96.1,74,0
"71280 Kosula   (Tuusniemi )",514,246,40,206,155,81.1,155,0
"71310 Vehmersalmi Keskus   (Kuopio )",625,584,57,527,711,87.0,682,29
"71330 Räsälä   (Kuopio )",309,180,9,171,166,107.6,166,0
"71360 Litmaniemi   (Kuopio )",449,120,8,112,106,95.8,106,0
"71380 Mustinlahti   (Kuopio )",242,113,9,104,89,89.1,89,0
"71460 Paukarlahti   (Leppävirta )",114,239,25,214,209,110.5,209,0
"71470 Oravikoski   (Leppävirta )",117,161,25,136,226,87.3,141,85
"71480 Kurkimäki   (Kuopio )",68,425,32,393,404,114.3,404,0
"71490 Airaksela   (Kuopio )",188,163,17,146,133,103.7,133,0
"71520 Kaislastenlahti   (Kuopio )",139,149,12,137,131,116.1,131,0
"71570 Syvänniemi   (Kuopio )",328,569,47,522,518,111.5,518,0
"71610 Salonkulma   (Kuopio )",0,3,1,2,..,..,..,..
"71640 Talluskylä   (Tervo )",197,169,14,155,138,90.0,138,0
"71650 Hirvilahti-Salonkulma   (Kuopio )",163,253,21,232,237,104.1,237,0
"71660 Leinolanlahti   (Kuopio )",108,82,8,74,63,98.1,60,3
"71670 Kurolanlahti   (Kuopio )",56,74,9,65,51,95.2,51,0
"71680 Pulkonkoski-Saarinen   (Kuopio )",94,141,12,129,111,102.6,111,0
"71690 Varpasmaa   (Kuopio )",9,14,0,14,11,122.7,11,0
"71720 Käärmelahti   (Kuopio )",73,289,36,253,236,114.7,236,0
"71730 Kinnulanlahti   (Kuopio )",77,316,39,277,277,113.8,269,8
"71740 Tavinsalmi   (Kuopio )",61,73,7,66,55,100.7,55,0
"71745 Haatala   (Kuopio )",5,19,3,16,16,110.9,16,0
"71750 Maaninka Keskus   (Kuopio )",98,465,88,377,680,77.3,657,23
"71760 Ahkionlahti-Vianta   (Kuopio )",253,180,14,166,151,103.4,151,0
"71775 Tuovilanlahti-Haatala   (Kuopio )",113,259,28,231,198,100.5,198,0
"71800 Siilinjärvi Keskus   (Siilinjärvi )",532,3276,504,2772,4967,87.8,3647,1320
"71820 Pöljä   (Siilinjärvi )",80,387,58,329,306,115.9,306,0
"71840 Kuuslahti   (Siilinjärvi )",109,265,35,230,219,107.7,219,0
"71850 Leppäkaarre   (Siilinjärvi )",1,509,13,496,1006,82.9,827,179
"71870 Harjamäki   (Siilinjärvi )",1,107,19,88,182,94.8,112,70
"71890 Hamula   (Siilinjärvi )",62,399,41,358,348,121.1,348,0
"71910 Alapitkä   (Lapinlahti )",210,434,40,394,420,96.1,420,0
"71920 Pajujärvi   (Lapinlahti )",123,226,13,213,182,97.6,182,0
"71950 Lammasaho   (Kuopio )",19,65,7,58,54,99.1,54,0
"71960 Lukkarila   (Lapinlahti )",40,159,13,146,122,97.5,122,0
"72100 Karttula Keskus   (Kuopio )",869,849,110,739,1000,86.7,940,60
"72140 Itä-Karttula-Riuttasenpää   (Kuopio )",23,19,0,19,16,109.6,16,0
"72210 Tervo Keskus-Eliaksela   (Tervo )",489,633,119,514,677,85.8,620,57
"72220 Eliaksela   (Tervo )",75,44,4,40,34,124.4,34,0
"72300 Vesanto Keskus   (Vesanto )",224,642,112,530,770,82.0,705,65
"72310 Niinivesi   (Vesanto )",126,168,12,156,144,101.0,144,0
"72330 Tiitilänkylä   (Vesanto )",65,75,6,69,62,114.0,62,0
"72350 Pienola   (Vesanto )",142,201,19,182,155,109.2,155,0
"72360 Närhilä   (Vesanto )",151,86,8,78,70,96.4,70,0
"72380 Horontaipale   (Vesanto )",109,89,8,81,73,102.5,73,0
"72400 Pielavesi Keskus-Jylänki   (Pielavesi )",435,1180,210,970,1657,79.5,1216,441
"72430 Kumpula   (Pielavesi )",78,152,17,135,120,106.4,120,0
"72490 Saarinen   (Kuopio )",34,18,1,17,11,110.7,11,0
"72510 Jokijärvi   (Pielavesi )",108,99,10,89,65,94.4,65,0
"72530 Säviäntaipale   (Pielavesi )",81,153,19,134,119,108.1,119,0
"72550 Säviä   (Pielavesi )",132,180,36,144,154,96.6,149,5
"72570 Vuorikylä   (Pielavesi )",44,74,7,67,59,106.6,59,0
"72600 Keitele Keskus   (Keitele )",318,1015,179,836,1155,85.7,1032,123
"72630 Kuusela-Rajala   (Keitele )",63,56,6,50,45,108.0,43,2
"72710 Vaaraslahti   (Pielavesi )",257,284,36,248,214,103.0,214,0
"72740 Laukkala   (Pielavesi )",111,123,13,110,87,110.8,87,0
"72810 Jylhänkylä   (Pielavesi )",66,79,8,71,61,117.9,61,0
"72840 Saarela   (Pielavesi )",62,72,11,61,52,107.4,52,0
"72930 Tossavanlahti   (Keitele )",37,76,9,67,56,102.7,56,0
"72950 Porttila   (Keitele )",14,63,7,56,49,115.6,49,0
"72980 Petäjäkylä   (Keitele )",121,69,7,62,49,92.5,49,0
"73100 Lapinlahti Keskus   (Lapinlahti )",517,2010,268,1742,2773,80.5,2300,473
"73110 Mäntylahti-Karvasalmi   (Lapinlahti )",40,172,13,159,134,85.5,134,0
"73120 Nerkoo-Horsmanmäki   (Lapinlahti )",104,271,18,253,228,104.9,228,0
"73200 Varpaisjärvi Keskus   (Lapinlahti )",189,847,146,701,1064,80.0,1064,0
"73230 Syvärinpää   (Lapinlahti )",163,204,21,183,174,100.7,174,0
"73250 Korpijärvi   (Lapinlahti )",102,146,16,130,107,101.1,107,0
"73300 Nilsiä Keskus   (Kuopio )",246,1188,212,976,1955,74.5,1458,497
"73310 Tahkovuori   (Kuopio )",553,320,258,62,70,89.6,70,0
"73320 Reittiö   (Kuopio )",564,782,91,691,630,102.8,630,0
"73350 Haluna   (Kuopio )",170,262,38,224,196,111.8,196,0
"73360 Pajulahti   (Kuopio )",149,317,36,281,266,105.0,266,0
"73410 Pieksänkoski   (Kuopio )",241,159,23,136,127,114.8,127,0
"73460 Muuruvesi   (Juankoski )",134,373,57,316,376,88.3,350,26
"73470 Västinniemi   (Juankoski )",107,171,14,157,146,100.8,146,0
"73500 Juankoski Keskus   (Juankoski )",380,1283,179,1104,1647,81.4,1368,279
"73600 Kaavi Keskus   (Kaavi )",359,896,94,802,1283,76.8,1044,239
"73620 Kortteinen-Rasilampi   (Kaavi )",227,204,34,170,144,88.7,144,0
"73640 Sivakkavaara   (Kaavi )",122,103,19,84,66,92.4,66,0
"73645 Niinivaara-Onnivaara   (Kaavi )",69,53,5,48,46,93.2,46,0
"73670 Luikonlahti   (Kaavi )",427,375,56,319,305,85.2,305,0
"73710 Viitaniemi   (Juankoski )",70,111,10,101,89,93.1,85,4
"73730 Losomäki   (Juankoski )",66,67,3,64,49,91.3,49,0
"73770 Säyneinen-Ala-Siikajärvi   (Juankoski )",285,331,30,301,323,91.1,306,17
"73810 Palonurmi-Aholansaari   (Kuopio )",263,207,13,194,182,97.7,182,0
"73830 Keski-Siikajärvi   (Kuopio )",60,153,18,135,124,97.8,124,0
"73850 Ala-Luosta-Riitasalo   (Rautavaara )",77,88,10,78,56,102.1,56,0
"73860 Pykälikkö   (Rautavaara )",1,4,3,1,..,..,..,..
"73900 Rautavaara Keskus   (Rautavaara )",395,808,103,705,857,77.5,774,83
"73970 Riitasalo   (Rautavaara )",14,15,0,15,10,109.2,10,0
"73990 Kangaslahti   (Rautavaara )",58,106,28,78,67,102.6,67,0
"74100 Iisalmi Keskus, Eteläinen   (Iisalmi )",6,507,121,386,2799,58.5,318,2481
"74120 Iisalmi Keskus Pohjoinen   (Iisalmi )",26,1618,229,1389,3641,74.8,1895,1746
"74130 Kihmula   (Iisalmi )",12,1245,145,1100,2492,78.7,1572,920
"74140 Ritoniemi   (Iisalmi )",261,575,44,531,512,115.6,512,0
"74150 Laidunmäki   (Iisalmi )",221,571,48,523,493,108.8,493,0
"74160 Koljonvirta   (Iisalmi )",149,546,77,469,449,115.6,449,0
"74170 Soinlahti   (Iisalmi )",138,432,39,393,370,112.0,370,0
"74200 Vieremä Keskus   (Vieremä )",165,1057,153,904,1250,82.9,1159,91
"74230 Salahmi   (Vieremä )",38,247,28,219,180,104.1,180,0
"74240 Marttisenjärvi   (Vieremä )",85,107,7,100,79,88.9,79,0
"74250 Nissilä   (Vieremä )",101,112,9,103,77,84.5,77,0
"74270 Kauppilanmäki   (Vieremä )",102,319,26,293,222,106.5,222,0
"74300 Sonkajärvi Keskus   (Sonkajärvi )",301,1223,130,1093,1452,84.2,1274,178
"74340 Sukeva-Kainuunmäki   (Sonkajärvi )",114,450,74,376,423,84.4,422,1
"74345 Kalliosuo   (Sonkajärvi )",24,93,18,75,72,80.4,72,0
"74360 Sonkakoski   (Sonkajärvi )",45,107,8,99,81,101.5,81,0
"74380 Jyrkkä   (Sonkajärvi )",134,99,19,80,56,76.3,56,0
"74390 Laakajärvi   (Sotkamo )",73,58,5,53,37,104.1,37,0
"74420 Hernejärvi   (Sonkajärvi )",126,195,17,178,146,106.0,146,0
"74470 Paloinen   (Lapinlahti )",149,127,12,115,87,97.1,87,0
"74490 Koirakoski   (Sonkajärvi )",168,114,12,102,65,90.2,65,0
"74510 Peltosalmi-Sourunsalo   (Iisalmi )",6,216,32,184,389,76.9,302,87
"74520 Kirmanranta   (Iisalmi )",53,278,30,248,252,112.7,252,0
"74540 Kotikylä   (Iisalmi )",42,89,5,84,74,96.6,74,0
"74550 Pörsänmäki   (Iisalmi )",134,144,7,137,130,88.0,130,0
"74590 Kurenpolvi   (Vieremä )",70,188,15,173,155,105.4,155,0
"74595 Runni   (Iisalmi )",139,346,26,320,301,96.2,301,0
"74610 Honkaranta   (Kiuruvesi )",57,118,15,103,88,99.0,88,0
"74630 Heinäkylä   (Kiuruvesi )",63,123,12,111,104,99.7,104,0
"74640 Sulkavanjärvi   (Kiuruvesi )",144,106,11,95,80,98.3,80,0
"74670 Rapakkojoki   (Kiuruvesi )",40,71,6,65,62,108.7,62,0
"74680 Myllyniemi   (Kiuruvesi )",200,251,17,234,206,112.2,206,0
"74700 Kiuruvesi Keskus   (Kiuruvesi )",466,2451,259,2192,3683,78.8,2739,944
"74720 Niemiskylä   (Kiuruvesi )",53,115,9,106,98,104.2,98,0
"74740 Aittojärvi   (Kiuruvesi )",32,189,12,177,158,100.7,158,0
"74770 Kalliokylä   (Kiuruvesi )",14,54,10,44,35,99.9,35,0
"74840 Koppeloharju   (Kiuruvesi )",36,175,21,154,128,106.5,128,0
"74940 Remeskylä-Tihilänkangas   (Kiuruvesi )",14,69,4,65,60,107.9,60,0
"74980 Tihilänkangas   (Kiuruvesi )",8,31,5,26,18,99.1,18,0
"75500 Nurmes Keskus   (Nurmes )",625,1945,359,1586,2488,77.1,1708,780
"75530 Porokylä   (Nurmes )",297,1162,198,964,1713,75.4,1282,431
"75650 Savikylä   (Nurmes )",108,274,25,249,240,90.9,239,1
"75680 Ylä-Luosta   (Rautavaara )",48,85,14,71,64,81.7,64,0
"75700 Valtimo Keskus   (Valtimo )",174,683,98,585,903,77.1,776,127
"75710 Karhunpää   (Valtimo )",74,172,18,154,143,96.1,143,0
"75740 Pajukoski   (Valtimo )",35,91,7,84,68,90.2,68,0
"75770 Puukari   (Valtimo )",63,158,13,145,119,86.8,119,0
"75790 Rumo   (Valtimo )",20,63,10,53,46,86.0,46,0
"75840 Ylä-Valtimo   (Valtimo )",45,101,12,89,78,102.9,78,0
"75890 Saramo-Petäiskylä-Mujejärvi   (Nurmes )",36,70,14,56,50,80.9,50,0
"75930 Petäiskylä   (Nurmes )",56,54,11,43,41,69.7,41,0
"75940 Mujejärvi   (Nurmes )",3,8,1,7,..,..,..,..
"75970 Kohtavaara   (Nurmes )",81,69,14,55,52,106.5,51,1
"75990 Höljäkkä   (Nurmes )",110,117,30,87,76,88.8,76,0
"76100 Pieksämäki Keskus   (Pieksämäki )",186,1572,293,1279,3725,68.8,1453,2272
"76120 Kotiopuisto   (Pieksämäki )",2,640,39,601,1174,78.7,798,376
"76130 Pappilanmäki   (Pieksämäki )",2,290,15,275,493,87.1,428,65
"76150 Länsirinne   (Pieksämäki )",17,806,107,699,2010,72.0,861,1149
"76280 Partaharju   (Pieksämäki )",44,98,22,76,76,104.5,76,0
"76620 Pyhitty   (Pieksämäki )",143,85,19,66,73,90.1,65,8
"76780 Lamminmäki   (Pieksämäki )",155,68,8,60,52,111.0,52,0
"76850 Naarajärvi   (Pieksämäki )",312,1176,173,1003,1515,92.8,1317,198
"76940 Nenonpelto   (Pieksämäki )",13,95,25,70,119,80.5,118,1
"77110 Paltanen   (Pieksämäki )",102,74,17,57,50,88.2,50,0
"77120 Venetmäki   (Pieksämäki )",208,127,10,117,94,113.8,94,0
"77140 Huumala   (Pieksämäki )",115,77,10,67,59,112.2,59,0
"77220 Neuvola   (Pieksämäki )",137,114,14,100,95,108.1,95,0
"77240 Halkokumpu   (Pieksämäki )",47,84,5,79,75,109.5,75,0
"77320 Hurskaala   (Pieksämäki )",83,51,6,45,41,110.4,41,0
"77330 Virtasalmi Keskus   (Pieksämäki )",617,416,85,331,402,83.9,402,0
"77350 Montola   (Pieksämäki )",86,143,16,127,133,86.2,133,0
"77380 Kantala   (Mikkeli )",63,99,9,90,80,97.4,80,0
"77430 Siikamäki   (Pieksämäki )",293,246,39,207,193,110.6,193,0
"77460 Maavesi   (Joroinen )",176,248,28,220,196,107.3,196,0
"77480 Savuniemi   (Joroinen )",130,28,6,22,21,123.6,21,0
"77520 Haapakoski-Partaharju   (Pieksämäki )",76,126,10,116,112,92.5,109,3
"77570 Jäppilä Keskus   (Pieksämäki )",448,435,63,372,444,92.1,439,5
"77580 Tihusniemi   (Pieksämäki )",80,118,22,96,90,104.0,90,0
"77600 Suonenjoki Keskus   (Suonenjoki )",1258,2537,341,2196,3748,81.1,2393,1355
"77630 Lempyy   (Suonenjoki )",89,125,12,113,111,102.5,111,0
"77690 Suontee   (Suonenjoki )",98,83,7,76,63,116.8,63,0
"77700 Rautalampi Keskus   (Rautalampi )",814,1271,181,1090,1471,83.8,1312,159
"77770 Myhinpää   (Rautalampi )",277,100,7,93,73,106.8,73,0
"77800 Iisvesi   (Suonenjoki )",75,303,60,243,339,75.0,294,45
"77910 Vaajasalmi   (Rautalampi )",110,83,11,72,61,104.5,57,4
"77930 Kerkonjoensuu   (Rautalampi )",321,290,28,262,224,100.6,220,4
"77960 Pakarila   (Rautalampi )",7,4,1,3,..,..,..,..
"78200 Varkaus Keskus   (Leppävirta )",153,681,147,534,3585,57.0,459,3126
"78210 Kuoppakangas   (Varkaus )",19,589,164,425,822,86.4,671,151
"78250 Päiviönsaari   (Varkaus )",12,250,119,131,731,67.6,217,514
"78300 Kommila   (Varkaus )",1,550,60,490,1629,71.4,618,1011
"78310 Puurtila   (Leppävirta )",242,501,50,451,568,103.2,531,37
"78400 Luttila   (Varkaus )",22,515,51,464,646,90.0,640,6
"78480 Timola   (Leppävirta )",94,254,17,237,234,106.3,234,0
"78500 Pitkälänniemi-Könönpelto   (Varkaus )",12,970,62,908,1180,93.7,1154,26
"78610 Kurola   (Varkaus )",74,144,17,127,123,111.8,123,0
"78710 Akonlahti   (Varkaus )",424,407,93,314,308,111.3,308,0
"78850 Käpykangas   (Joroinen )",19,801,95,706,1524,83.9,1204,320
"78870 Kaura-Aho   (Varkaus )",2,730,113,617,1379,75.5,924,455
"78880 Kuvansi   (Joroinen )",204,519,52,467,608,95.5,608,0
"78900 Ruokokoski   (Varkaus )",49,129,11,118,117,107.3,117,0
"79100 Leppävirta Keskus   (Leppävirta )",993,2057,291,1766,3247,81.7,2559,688
"79130 Sorsakoski   (Leppävirta )",170,495,50,445,610,83.6,485,125
"79140 Kotalahti   (Leppävirta )",266,198,19,179,166,118.2,166,0
"79150 Konnuslahti-Valkeamäki   (Leppävirta )",297,229,20,209,189,115.4,189,0
"79160 Saamaiskylä   (Leppävirta )",79,44,4,40,36,100.6,36,0
"79180 Tuppurinmäki   (Leppävirta )",23,30,2,28,24,96.7,24,0
"79190 Valkeamäki   (Leppävirta )",50,31,5,26,19,99.1,19,0
"79230 Moninmäki   (Leppävirta )",40,40,4,36,29,97.3,29,0
"79255 Kurjala-Moninmäki   (Leppävirta )",144,97,8,89,80,98.1,80,0
"79265 Puponmäki   (Leppävirta )",56,66,9,57,46,113.1,46,0
"79330 Näädänmaa   (Leppävirta )",80,94,23,71,62,92.4,62,0
"79350 Itä-Soisalo   (Leppävirta )",164,83,9,74,65,110.5,65,0
"79410 Niinimäki   (Leppävirta )",81,95,9,86,80,103.6,80,0
"79480 Kangaslampi Keskus   (Varkaus )",364,361,62,299,398,85.6,389,9
"79520 Viljolahti   (Varkaus )",285,131,22,109,98,98.9,98,0
"79600 Joroinen Keskus   (Joroinen )",446,1045,157,888,1495,83.3,1223,272
"79620 Huutokoski   (Joroinen )",101,133,16,117,116,109.7,109,7
"79630 Kolma   (Joroinen )",36,137,14,123,116,108.6,116,0
"79660 Kerisalo   (Joroinen )",63,107,16,91,81,111.4,81,0
"79680 Lahnalahti   (Joroinen )",57,94,14,80,67,103.8,67,0
"79690 Kaitainen   (Joroinen )",101,122,14,108,99,112.5,99,0
"79700 Heinävesi Keskus   (Heinävesi )",838,1191,219,972,1545,78.2,1166,379
"79810 Karvion kanava   (Heinävesi )",165,209,55,154,153,80.8,153,0
"79820 Varistaipale   (Heinävesi )",107,89,19,70,54,103.5,54,0
"79830 Palokki   (Heinävesi )",40,65,18,47,42,98.2,42,0
"79850 Uusi-Valamo   (Heinävesi )",1,1,0,1,..,..,..,..
"79860 Suuraho - Uusi-Valamo   (Heinävesi )",112,161,35,126,163,66.3,157,6
"79885 Etelä-Petruma   (Heinävesi )",118,57,6,51,38,96.4,38,0
"79895 Sarvikumpu   (Heinävesi )",115,102,11,91,79,83.6,79,0
"79910 Kerma   (Heinävesi )",201,183,25,158,145,96.7,145,0
"79940 Vihtari-Poikiinaho   (Heinävesi )",92,138,19,119,101,84.8,101,0
"80100 Joensuu Keskus, Pohjoinen   (Joensuu )",0,1471,559,912,6163,59.7,1082,5081
"80110 Joensuu Keskus Eteläinen   (Joensuu )",70,369,47,322,3350,58.4,320,3030
"80130 Kanervala   (Kontiolahti )",1,968,227,741,1163,86.4,845,318
"80140 Noljakka   (Joensuu )",14,1467,80,1387,4269,74.0,1917,2352
"80160 Rantakylä-Latola   (Joensuu )",0,1639,56,1583,5713,71.1,2945,2768
"80170 Utra   (Joensuu )",85,854,35,819,1861,80.6,1081,780
"80200 Niinivaara   (Joensuu )",0,660,46,614,2742,64.1,866,1876
"80210 Sairaala-alue   (Joensuu )",0,3,3,0,0,0.0,0,0
"80220 Penttilä   (Joensuu )",6,421,70,351,1915,67.4,449,1466
"80230 Hukanhauta   (Joensuu )",23,1342,51,1291,2519,87.8,2076,443
"80260 Kettuvaara   (Joensuu )",5,1188,96,1092,2374,79.7,1631,743
"80330 Reijola   (Joensuu )",65,762,61,701,1055,93.1,1017,38
"80400 Ylämylly   (Liperi )",403,1841,248,1593,2398,94.3,2112,286
"80510 Onttola-Kunnasniemi   (Kontiolahti )",304,544,67,477,534,113.5,481,53
"80710 Lehmo   (Kontiolahti )",52,1814,197,1617,2252,96.7,2187,65
"80770 Kontiolahti as   (Kontiolahti )",55,317,58,259,283,109.1,283,0
"80780 Kontioniemi   (Kontiolahti )",13,114,10,104,159,102.7,135,24
"80790 Kontioranta-Kontioniemi   (Kontiolahti )",0,36,18,18,63,63.0,39,24
"80850 Paihola   (Kontiolahti )",36,214,26,188,273,87.8,193,80
"80910 Kulho   (Kontiolahti )",96,680,58,622,616,115.8,616,0
"81100 Kontiolahti   (Kontiolahti )",294,920,96,824,1438,83.7,1368,70
"81120 Katajaranta   (Kontiolahti )",152,197,14,183,172,101.4,172,0
"81160 Romppala-Riihikangas   (Kontiolahti )",293,202,34,168,144,91.2,144,0
"81200 Eno Keskus   (Joensuu )",384,1268,175,1093,1680,78.3,1517,163
"81210 Louhioja   (Joensuu )",11,136,15,121,127,93.0,127,0
"81220 Jakokoski   (Kontiolahti )",71,316,39,277,276,110.7,276,0
"81230 Mönni   (Kontiolahti )",57,93,6,87,83,96.1,83,0
"81235 Lehtoi   (Kontiolahti )",106,142,19,123,116,103.4,116,0
"81260 Ahveninen   (Joensuu )",217,137,33,104,89,102.4,89,0
"81270 Paukkaja   (Joensuu )",14,79,14,65,59,87.3,59,0
"81280 Uimaharju   (Joensuu )",139,890,177,713,1036,80.6,955,81
"81290 Ukkola   (Joensuu )",33,177,31,146,148,81.0,148,0
"81295 Haapalahti   (Joensuu )",144,127,30,97,79,99.8,79,0
"81320 Kuismavaara   (Joensuu )",48,42,5,37,26,73.4,26,0
"81330 Luhtapohja   (Joensuu )",39,93,12,81,65,80.5,65,0
"81350 Tokrajärvi   (Ilomantsi )",116,151,18,133,100,85.0,100,0
"81360 Sarvinki   (Joensuu )",69,95,15,80,72,86.0,72,0
"81390 Revonkylä   (Joensuu )",79,73,13,60,47,86.9,47,0
"81420 Tyrjänsaari   (Ilomantsi )",186,84,12,72,57,77.5,57,0
"81430 Kivilahti   (Ilomantsi )",229,106,32,74,63,77.7,63,0
"81450 Huhus-Käenkoski   (Ilomantsi )",147,76,7,69,66,85.4,66,0
"81460 Käenkoski   (Ilomantsi )",70,35,4,31,25,70.4,25,0
"81470 Naarva   (Ilomantsi )",70,67,11,56,38,78.5,38,0
"81560 Vuonisjärvi   (Lieksa )",55,123,14,109,101,96.1,101,0
"81570 Kelvä   (Lieksa )",127,105,12,93,69,84.4,69,0
"81590 Vuonislahti   (Lieksa )",195,147,36,111,94,92.3,94,0
"81650 Hattuvaara   (Lieksa )",172,172,23,149,103,91.1,103,0
"81660 Lehmikylä   (Lieksa )",7,11,2,9,..,..,..,..
"81700 Lieksa Keskus   (Lieksa )",306,2027,273,1754,3536,72.3,2050,1486
"81720 Mähkö-Timitra   (Lieksa )",303,1224,243,981,1810,77.4,1225,585
"81750 Pankakoski   (Lieksa )",226,558,72,486,546,79.9,513,33
"81810 Jamali   (Lieksa )",118,206,8,198,176,91.7,176,0
"81820 Kylänlahti   (Lieksa )",445,282,28,254,199,94.0,198,1
"81850 Mätäsvaara   (Lieksa )",111,162,13,149,118,79.5,114,4
"81860 Viekijärvi   (Lieksa )",166,337,31,306,263,83.6,263,0
"81950 Pankajärvi   (Lieksa )",56,67,7,60,46,92.1,46,0
"81970 Jongunjoki-Pankajärvi   (Lieksa )",162,152,25,127,123,83.1,123,0
"82110 Heinävaara   (Joensuu )",151,444,59,385,451,96.9,451,0
"82120 Keskijärvi   (Joensuu )",255,145,24,121,116,87.5,116,0
"82140 Kiihtelysvaara Keskus   (Joensuu )",251,444,95,349,498,80.6,498,0
"82160 Oskola   (Joensuu )",77,57,3,54,43,81.2,42,1
"82170 Uskali   (Joensuu )",52,37,4,33,33,85.8,33,0
"82180 Huhtilampi   (Joensuu )",53,55,5,50,49,93.2,49,0
"82200 Hammaslahti   (Joensuu )",389,1313,162,1151,1549,87.0,1549,0
"82210 Suhmura   (Joensuu )",84,221,19,202,201,104.8,201,0
"82220 Niittylahti   (Joensuu )",114,739,51,688,758,110.7,751,7
"82290 Nieminen   (Rääkkylä )",412,320,33,287,264,86.0,264,0
"82300 Rääkkylä Keskus   (Rääkkylä )",233,483,76,407,656,74.7,655,1
"82310 Oravisalo-Varpasalo   (Rääkkylä )",337,211,23,188,167,100.0,167,0
"82335 Rasivaara   (Rääkkylä )",310,461,30,431,381,92.3,376,5
"82350 Tikkala   (Tohmajärvi )",156,206,28,178,166,108.7,166,0
"82360 Onkamo   (Tohmajärvi )",287,289,69,220,202,94.5,202,0
"82380 Tolosenmäki   (Kitee )",285,321,69,252,230,104.4,230,0
"82395 Haarajärvi   (Kitee )",18,96,11,85,81,95.4,81,0
"82430 Puhos-Leinovaara   (Kitee )",642,620,142,478,525,90.0,431,94
"82460 Hummovaara   (Kitee )",52,72,14,58,58,94.8,58,0
"82490 Heinoniemi   (Kitee )",117,91,11,80,76,91.6,76,0
"82500 Kitee Keskus   (Kitee )",351,2066,285,1781,3619,77.7,2202,1417
"82510 Kiteenlahti   (Kitee )",67,162,10,152,127,111.6,127,0
"82580 Juurikka   (Kitee )",205,243,17,226,191,106.6,191,0
"82590 Närsäkkälä   (Kitee )",189,117,12,105,85,96.0,85,0
"82600 Tohmajärvi Keskus   (Tohmajärvi )",276,1375,200,1175,1661,83.0,1475,186
"82655 Värtsilä Keskus   (Tohmajärvi )",86,176,19,157,206,87.6,196,10
"82660 Uusi-Värtsilä   (Tohmajärvi )",43,151,23,128,139,81.0,109,30
"82670 Kaurila   (Tohmajärvi )",45,76,4,72,69,86.8,69,0
"82675 Niirala-Jänisjoki   (Tohmajärvi )",11,78,24,54,70,84.2,69,1
"82685 Littilä   (Tohmajärvi )",64,116,10,106,97,105.9,97,0
"82710 Kovero   (Joensuu )",96,291,42,249,253,88.1,253,0
"82730 Tuupovaara Keskus-Pirttiaho   (Joensuu )",136,351,68,283,479,75.9,458,21
"82750 Öllölä   (Joensuu )",137,87,9,78,79,79.0,79,0
"82760 Hoilola   (Joensuu )",94,84,15,69,64,83.6,64,0
"82770 Kaustajärvi   (Tohmajärvi )",56,27,3,24,21,71.2,21,0
"82815 Marjovaara   (Joensuu )",99,111,9,102,90,87.9,90,0
"82820 Maukkula   (Ilomantsi )",85,180,22,158,146,95.5,146,0
"82830 Haukivaara   (Ilomantsi )",32,76,12,64,55,80.1,55,0
"82840 Pirttiaho   (Joensuu )",57,22,0,22,22,98.4,22,0
"82850 Kinnasniemi   (Joensuu )",68,61,2,59,50,85.5,50,0
"82865 Kokinvaara-Mannervaara   (Joensuu )",60,31,2,29,28,83.8,28,0
"82870 Luutalahti   (Joensuu )",67,31,5,26,25,70.5,22,3
"82880 Mannervaara   (Joensuu )",23,29,5,24,18,65.9,18,0
"82900 Ilomantsi Keskus   (Ilomantsi )",622,1743,360,1383,2420,74.7,1944,476
"82915 Sonkaja   (Ilomantsi )",54,149,16,133,114,97.4,114,0
"82960 Lehtovaara-Kuikkalampi   (Ilomantsi )",115,112,21,91,80,81.0,80,0
"82967 Hattu   (Ilomantsi )",53,95,25,70,74,82.1,74,0
"82980 Möhkö   (Ilomantsi )",109,100,38,62,46,75.2,46,0
"83100 Liperi Keskus   (Liperi )",769,1145,164,981,1395,83.8,1245,150
"83130 Salokylä   (Liperi )",33,179,16,163,165,105.0,165,0
"83140 Puromäki   (Liperi )",28,67,4,63,58,96.8,58,0
"83150 Roukalahti   (Liperi )",126,138,14,124,114,98.9,114,0
"83160 Tutjunniemi   (Liperi )",325,111,22,89,77,96.5,77,0
"83320 Risti-Juojärvi   (Liperi )",6,47,9,38,39,94.2,39,0
"83330 Kaatamo   (Liperi )",179,170,16,154,131,89.7,131,0
"83340 Kaarnalampi   (Liperi )",12,62,5,57,50,92.4,50,0
"83400 Viinijärvi   (Liperi )",225,788,79,709,828,80.5,785,43
"83430 Käsämä   (Liperi )",326,325,56,269,253,113.0,253,0
"83450 Vaivio   (Liperi )",225,182,23,159,149,112.5,149,0
"83460 Harinjärvi   (Liperi )",164,167,30,137,130,118.8,130,0
"83480 Ahonkylä   (Liperi )",54,143,11,132,108,85.9,108,0
"83500 Outokumpu Keskus   (Outokumpu )",592,2366,384,1982,3605,78.8,2584,1021
"83550 Kokonvaara   (Outokumpu )",60,100,7,93,81,104.5,81,0
"83630 Kuusjärvi   (Outokumpu )",125,265,31,234,217,89.9,212,5
"83660 Varislahti   (Outokumpu )",263,193,23,170,150,105.2,150,0
"83700 Polvijärvi Keskus   (Polvijärvi )",295,1302,207,1095,1537,75.9,1440,97
"83720 Kuorevaara   (Polvijärvi )",129,197,59,138,149,98.4,149,0
"83750 Sotkuma   (Polvijärvi )",360,281,48,233,222,107.9,222,0
"83760 Sola   (Polvijärvi )",36,48,7,41,42,85.1,42,0
"83780 Horsmanaho   (Polvijärvi )",38,138,19,119,118,87.7,115,3
"83825 Kinahmo   (Polvijärvi )",298,217,30,187,172,87.1,172,0
"83830 Hukkala   (Polvijärvi )",46,102,14,88,75,86.8,75,0
"83835 Ruvaslahti   (Polvijärvi )",147,167,31,136,122,101.6,122,0
"83840 Saarivaara   (Polvijärvi )",19,45,4,41,33,91.5,33,0
"83855 Martonvaara-Sammakkovaara   (Polvijärvi )",95,123,18,105,85,88.2,85,0
"83870 Polvela-Timovaara   (Juuka )",151,173,15,158,132,77.8,127,5
"83880 Kajoo   (Juuka )",126,144,13,131,101,95.8,101,0
"83900 Juuka Keskus   (Juuka )",687,1808,262,1546,2172,79.0,1900,272
"83910 Paalasmaa   (Juuka )",204,84,13,71,56,87.9,56,0
"83915 Vihtasuo   (Juuka )",0,3,0,3,..,..,..,..
"83940 Nunnanlahti   (Juuka )",342,299,53,246,205,95.2,205,0
"83950 Ahmovaara   (Juuka )",332,390,39,351,299,90.7,299,0
"83960 Koli   (Lieksa )",430,344,150,194,162,86.3,162,0
"83985 Tuopanjoki   (Juuka )",2,1,0,1,..,..,..,..
"84100 Ylivieska Keskus   (Ylivieska )",124,3997,486,3511,6518,85.4,4487,2031
"84460 Tuomiperä   (Ylivieska )",51,121,8,113,105,99.4,105,0
"84540 Vähäkangas   (Ylivieska )",29,245,21,224,228,110.0,228,0
"84650 Kantokylä   (Ylivieska )",17,133,9,124,107,91.9,107,0
"84770 Isokoski   (Ylivieska )",4,68,13,55,51,98.8,51,0
"84880 Raudaskylä   (Ylivieska )",41,331,38,293,290,104.0,290,0
"85100 Kalajoki Keskus   (Kalajoki )",1128,3147,614,2533,3371,95.2,3072,299
"85120 Metsä   (Kalajoki )",11,129,13,116,105,113.4,105,0
"85140 Tynkä   (Kalajoki )",37,390,42,348,337,107.9,337,0
"85150 Typpö   (Kalajoki )",45,148,11,137,135,110.5,135,0
"85160 Rautio   (Kalajoki )",46,309,39,270,266,102.1,266,0
"85180 Rahja   (Kalajoki )",182,254,54,200,200,109.5,200,0
"85200 Alavieska Keskus   (Alavieska )",68,894,118,776,1005,94.7,982,23
"85210 Kähtävä   (Alavieska )",18,125,6,119,106,112.3,106,0
"85230 Talus   (Alavieska )",15,149,15,134,127,102.0,127,0
"85310 Sievi Asemanseutu   (Sievi )",38,228,42,186,225,96.8,225,0
"85320 Markkula   (Sievi )",15,167,24,143,141,95.5,141,0
"85340 Jyrinki   (Sievi )",24,279,50,229,217,123.1,217,0
"85410 Sievi Keskus   (Sievi )",37,724,163,561,961,87.1,891,70
"85430 Koivisto   (Sievi )",34,293,36,257,247,112.3,247,0
"85450 Joenkylä   (Sievi )",23,103,11,92,91,116.6,91,0
"85470 Kiiskilampi   (Sievi )",85,291,58,233,207,105.8,207,0
"85500 Nivala Keskus   (Nivala )",70,2557,284,2273,3505,91.4,3111,394
"85540 Mönkö   (Nivala )",25,235,13,222,219,112.4,219,0
"85560 Ainastalo   (Nivala )",28,243,24,219,216,100.2,216,0
"85580 Karvoskylä   (Nivala )",36,388,29,359,342,98.7,342,0
"85620 Sarja   (Nivala )",23,146,8,138,119,111.1,119,0
"85630 Sarjanahde   (Nivala )",5,193,5,188,181,116.8,181,0
"85640 Maliskylä   (Nivala )",14,262,14,248,240,105.3,240,0
"85660 Ruuskankylä   (Nivala )",4,80,5,75,72,102.8,72,0
"85710 Parkkila   (Haapajärvi )",24,204,14,190,176,103.7,176,0
"85730 Tulppo   (Haapajärvi )",17,77,6,71,67,102.6,67,0
"85800 Haapajärvi Keskus   (Haapajärvi )",97,2058,277,1781,2912,85.8,2296,616
"85820 Oksava   (Haapajärvi )",37,452,26,426,392,105.6,392,0
"85840 Kuona   (Haapajärvi )",23,131,11,120,115,103.4,115,0
"85900 Reisjärvi Keskus   (Reisjärvi )",159,778,99,679,990,91.8,984,6
"85930 Kangaskylä-Tolpankangas   (Reisjärvi )",163,108,7,101,86,103.2,86,0
"85940 Räisälänmäki   (Reisjärvi )",67,119,8,111,99,108.6,99,0
"85980 Köyhänperä   (Reisjärvi )",26,177,7,170,152,108.8,152,0
"86100 Pyhäjoki Keskus   (Pyhäjoki )",336,887,111,776,982,90.8,970,12
"86110 Parhalahti   (Pyhäjoki )",73,193,18,175,169,99.9,169,0
"86160 Pirttikoski   (Pyhäjoki )",36,183,15,168,148,112.7,148,0
"86170 Yppäri   (Pyhäjoki )",271,265,26,239,239,109.3,239,0
"86210 Petäjäskoski   (Oulainen )",17,86,9,77,68,117.8,68,0
"86220 Merijärvi Keskus   (Merijärvi )",56,332,39,293,341,91.6,341,0
"86230 Ylipää   (Merijärvi )",38,115,14,101,84,96.9,84,0
"86240 Pyhänkoski   (Merijärvi )",59,131,27,104,93,101.3,93,0
"86300 Oulainen Keskus   (Oulainen )",240,2484,318,2166,3541,87.0,2912,629
"86350 Kilpua   (Oulainen )",25,84,7,77,69,90.1,69,0
"86360 Ilveskorpi   (Raahe )",10,133,11,122,111,102.6,111,0
"86400 Vihanti Keskus   (Raahe )",106,863,170,693,918,87.8,888,30
"86440 Lampinsaari   (Raahe )",0,125,18,107,159,99.6,129,30
"86460 Alpua   (Raahe )",19,257,43,214,191,99.6,191,0
"86470 Lumimetsä   (Raahe )",9,111,12,99,90,108.0,90,0
"86480 Karhukangas   (Haapavesi )",2,39,7,32,26,110.3,26,0
"86510 Matkaniva   (Oulainen )",46,169,18,151,140,107.5,140,0
"86530 Annonen   (Oulainen )",31,109,7,102,91,99.3,91,0
"86550 Mieluskylä   (Haapavesi )",33,195,32,163,151,108.1,145,6
"86600 Haapavesi Keskus   (Haapavesi )",309,2464,572,1892,2679,89.3,2427,252
"86650 Kytökylä-Joutenniva   (Haapavesi )",33,293,61,232,211,98.7,206,5
"86680 Vatjusjärvi   (Haapavesi )",114,271,43,228,217,102.8,217,0
"86690 Karsikas   (Haapavesi )",19,137,16,121,101,99.2,101,0
"86710 Kärsämäki Keskus   (Kärsämäki )",107,1288,178,1110,1341,87.8,1331,10
"86790 Venetpalo   (Kärsämäki )",7,7,1,6,..,..,..,..
"86800 Pyhäsalmi   (Pyhäjärvi )",726,1964,268,1696,2440,80.7,1925,515
"86810 Pellikkaperä   (Pyhäjärvi )",28,87,10,77,72,105.8,72,0
"86850 Hiidenniemi   (Pyhäjärvi )",220,156,32,124,118,94.2,118,0
"86870 Vesikoski   (Pyhäjärvi )",33,184,23,161,150,92.9,150,0
"86900 Pyhäkumpu   (Pyhäjärvi )",5,242,31,211,271,89.8,271,0
"86980 Väliaho   (Pyhäjärvi )",42,56,14,42,38,87.1,38,0
"87100 Kajaani Keskus   (Kajaani )",25,771,313,458,4435,55.3,396,4039
"87150 Purola   (Kajaani )",0,786,70,716,1061,87.1,895,166
"87200 Teppana   (Kajaani )",1,739,63,676,2252,77.3,906,1346
"87250 Kättö-Kätönlahti   (Kajaani )",66,1385,159,1226,2016,90.5,1761,255
"87300 Palokangas   (Kajaani )",0,83,16,67,813,59.2,52,761
"87400 Petäisenniska   (Kajaani )",2,457,113,344,922,81.7,601,321
"87500 Lehtikangas   (Kajaani )",57,1269,128,1141,2968,82.7,1469,1499
"87700 Lohtaja-Kettu   (Kajaani )",0,966,92,874,2145,74.6,1351,794
"87800 Vuoreslahti   (Kajaani )",483,539,76,463,419,111.7,419,0
"87830 Nakertaja   (Kajaani )",19,574,34,540,670,91.5,598,72
"87850 Paltaniemi   (Kajaani )",66,222,31,191,189,116.8,189,0
"87900 Karankalahti   (Kajaani )",256,363,59,304,235,106.1,235,0
"87910 Linnantaus   (Kajaani )",5,221,28,193,203,106.2,198,5
"87930 Salmijärvi   (Kajaani )",101,135,19,116,143,91.4,106,37
"87950 Kuluntalahti   (Kajaani )",146,398,44,354,333,117.5,333,0
"87970 Jormua   (Kajaani )",123,244,30,214,201,115.1,201,0
"88120 Tuhkakylä   (Sotkamo )",112,148,73,75,63,95.1,63,0
"88200 Otanmäki-Kytökoski   (Kajaani )",110,358,70,288,698,71.7,328,370
"88270 Vuolijoki Keskus   (Kajaani )",309,491,71,420,510,87.2,499,11
"88300 Paltamo Keskus   (Paltamo )",789,1216,200,1016,1395,80.5,1338,57
"88310 Melalahti   (Paltamo )",121,188,20,168,120,93.2,120,0
"88340 Manamansalo   (Vaala )",389,138,53,85,68,84.0,68,0
"88350 Kivesjärvi   (Paltamo )",184,96,12,84,63,89.7,63,0
"88380 Mieslahti   (Paltamo )",68,155,19,136,112,95.0,112,0
"88400 Ristijärvi Keskus-Hiisijärvi   (Ristijärvi )",536,838,145,693,761,87.5,719,42
"88440 Jokikylä   (Ristijärvi )",24,56,6,50,44,95.1,44,0
"88460 Hiisijärvi   (Ristijärvi )",56,34,3,31,29,98.9,29,0
"88470 Kontiomäki   (Paltamo )",81,255,37,218,307,80.2,252,55
"88490 Pohjavaara   (Sotkamo )",99,131,11,120,113,117.8,113,0
"88530 Paakki   (Sotkamo )",22,67,3,64,55,106.6,55,0
"88600 Sotkamo Keskus   (Sotkamo )",882,2508,251,2257,3565,85.0,2570,995
"88610 Vuokatti   (Sotkamo )",275,1420,516,904,1355,89.8,1198,157
"88615 Vuokatin Urheiluopisto   (Sotkamo )",0,14,12,2,0,0.0,0,0
"88620 Korholanmäki   (Sotkamo )",219,303,50,253,222,116.0,222,0
"88640 Ontojoki   (Sotkamo )",21,65,4,61,52,96.9,52,0
"88670 Juurikkalahti-Maanselkä   (Sotkamo )",88,104,6,98,91,107.9,91,0
"88690 Maanselkä   (Sotkamo )",29,53,10,43,32,90.6,32,0
"88730 Ylä-Vieksi   (Kuhmo )",118,112,11,101,85,95.2,85,0
"88740 Härmänkylä-Iivantiira   (Kuhmo )",39,67,12,55,52,93.1,52,0
"88760 Iivantiira   (Kuhmo )",129,108,13,95,86,99.0,86,0
"88820 Katerma   (Kuhmo )",4,5,1,4,..,..,..,..
"88900 Kuhmo Keskus   (Kuhmo )",1848,3502,502,3000,4606,83.8,3476,1130
"88930 Lentiira-Kuumu   (Kuhmo )",279,275,52,223,197,99.1,196,1
"88940 Kuumu   (Kuhmo )",62,29,6,23,13,100.7,13,0
"89110 Törmänmäki   (Puolanka )",159,59,1,58,35,94.3,35,0
"89140 Kotila-Törmänmäki   (Puolanka )",85,120,60,60,44,115.4,44,0
"89200 Puolanka Keskus   (Puolanka )",912,1243,201,1042,1413,79.3,1273,140
"89210 Puokiovaara   (Puolanka )",187,58,5,53,35,102.2,35,0
"89320 Joukokylä   (Puolanka )",50,105,6,99,80,90.6,80,0
"89330 Suolijärvi   (Puolanka )",96,62,12,50,36,104.6,36,0
"89400 Hyrynsalmi Keskus   (Hyrynsalmi )",552,1230,201,1029,1315,84.2,1177,138
"89430 Hoikka   (Hyrynsalmi )",25,29,1,28,21,103.8,21,0
"89440 Sakara   (Suomussalmi )",25,52,3,49,43,106.5,43,0
"89540 Moisiovaara   (Hyrynsalmi )",99,160,12,148,121,106.5,121,0
"89560 Karhuvaara   (Hyrynsalmi )",32,64,4,60,47,97.4,47,0
"89600 Ämmänsaari   (Suomussalmi )",598,2013,266,1747,2947,81.6,2146,801
"89610 Jumaliskylä   (Suomussalmi )",57,31,2,29,28,95.1,28,0
"89640 Pesiökylä   (Suomussalmi )",74,68,9,59,62,85.2,62,0
"89660 Takalo   (Suomussalmi )",59,90,10,80,63,100.8,63,0
"89670 Näljänkä   (Suomussalmi )",71,176,11,165,135,87.2,135,0
"89680 Vaaranniva   (Suomussalmi )",75,80,7,73,67,89.2,67,0
"89730 Ahjola   (Suomussalmi )",9,29,3,26,17,84.0,17,0
"89740 Kianta   (Suomussalmi )",84,56,8,48,32,94.7,32,0
"89760 Piispajärvi-Peranka-Kaikkoinen   (Suomus",89,85,13,72,58,86.4,58,0
"89770 Peranka   (Suomussalmi )",50,53,19,34,23,91.4,23,0
"89780 Kaikkonen   (Suomussalmi )",112,50,6,44,36,103.7,36,0
"89800 Suomussalmi Keskus   (Suomussalmi )",531,730,55,675,771,91.4,761,10
"89830 Ala-Vuokki   (Suomussalmi )",45,41,5,36,37,89.0,37,0
"89840 Ylä-Vuokki   (Suomussalmi )",104,97,14,83,55,95.0,55,0
"89920 Ruhtinansalmi   (Suomussalmi )",306,354,76,278,248,94.5,248,0
"90100 Oulu Keskus   (Oulu )",0,500,193,307,6363,56.7,163,6200
"90120 Heinäpää   (Oulu )",0,305,100,205,5023,52.4,68,4955
"90130 Raksila   (Oulu )",0,265,86,179,4052,56.9,103,3949
"90140 Karjasilta   (Oulu )",0,636,61,575,1949,62.9,533,1416
"90150 Höyhtyä   (Oulu )",0,798,60,738,3208,70.1,1205,2003
"90220 Kontinkangas   (Oulu )",0,57,40,17,613,49.6,3,610
"90230 Värttö-Maikkula   (Oulu )",1,1385,87,1298,4076,78.5,1941,2135
"90240 Iinatti   (Oulu )",14,1464,119,1345,3159,85.4,1956,1203
"90250 Kaukovainio   (Oulu )",0,320,55,265,4329,60.0,370,3959
"90310 Madekoski   (Oulu )",179,921,83,838,1077,112.2,1005,72
"90400 Äimärautio   (Oulu )",0,196,184,12,602,53.0,0,602
"90410 Kaakkuri   (Oulu )",11,1168,125,1043,1846,96.3,1540,306
"90420 Metsokangas   (Oulu )",155,1657,128,1529,4124,89.0,2184,1940
"90440 Kempele Keskus   (Kempele )",12,2390,324,2066,4238,88.2,3060,1178
"90450 Honkanen   (Kempele )",14,1986,96,1890,2699,105.8,2518,181
"90460 Oulunsalo Keskus   (Oulu )",242,2303,246,2057,3309,100.7,2992,317
"90470 Varjakka   (Oulu )",135,500,43,457,426,115.8,426,0
"90480 Hailuoto   (Hailuoto )",547,704,156,548,535,94.5,535,0
"90500 Tuira   (Oulu )",0,300,69,231,6026,54.9,126,5900
"90510 Hietasaari   (Oulu )",47,236,96,140,1014,66.2,186,828
"90520 Taskila-Toppila   (Oulu )",1,661,135,526,3047,64.5,581,2466
"90530 Välivainio   (Oulu )",0,646,100,546,3676,59.3,616,3060
"90540 Kuivasjärvi   (Oulu )",5,2378,117,2261,3834,106.7,3443,391
"90550 Pyykkösjärvi-Puolivälikangas   (Oulu )",0,508,27,481,2521,74.2,902,1619
"90560 Koskela-Oulu   (Oulu )",1,456,23,433,1734,73.5,686,1048
"90570 Kaijonharju-Linnanmaa   (Oulu )",2,633,78,555,4335,60.4,817,3518
"90580 Rajakylä   (Oulu )",3,744,42,702,2421,81.9,1408,1013
"90590 Teknologiakylä   (Oulu )",0,46,46,0,0,0.0,0,0
"90620 Rusko-Heikinharju   (Oulu )",1,606,382,224,243,92.8,239,4
"90630 Korvensuora   (Oulu )",4,1502,76,1426,2644,94.1,2212,432
"90650 Haapalehto   (Oulu )",165,2298,147,2151,5083,87.7,3358,1725
"90660 Sanginsuu   (Oulu )",204,374,89,285,286,116.0,286,0
"90670 Hiukkavaara   (Oulu )",52,130,16,114,298,88.8,168,130
"90800 Pateniemi   (Oulu )",8,2516,127,2389,3551,96.7,3097,454
"90810 Kiviniemi   (Oulu )",155,959,69,890,1183,109.2,1104,79
"90820 Kello   (Oulu )",140,1348,192,1156,1247,110.4,1231,16
"90830 Haukipudas Keskus   (Oulu )",132,2325,245,2080,3531,92.9,2953,578
"90840 Haukipudas Asemanseutu   (Oulu )",296,674,61,613,692,110.0,688,4
"90850 Martinniemi   (Oulu )",31,847,46,801,961,92.3,854,107
"90860 Halosenniemi   (Oulu )",54,254,18,236,230,102.2,230,0
"90900 Kiiminki Keskus   (Oulu )",539,2100,237,1863,2594,103.0,2347,247
"90910 Kontio   (Oulu )",261,584,54,530,518,127.5,517,1
"90940 Jääli   (Oulu )",102,1513,169,1344,2097,102.0,2041,56
"91100 Ii Keskus   (Ii )",736,2492,385,2107,2674,96.7,2587,87
"91110 Ii Asemanseutu   (Ii )",85,396,41,355,335,107.8,335,0
"91140 Olhava   (Ii )",404,314,48,266,219,84.0,219,0
"91150 Yli-Olhava   (Ii )",30,125,11,114,90,93.8,90,0
"91200 Yli-Ii Keskus   (Oulu )",196,565,92,473,524,100.6,524,0
"91210 Jakkukylä   (Oulu )",80,197,16,181,167,113.7,167,0
"91240 Tannila   (Oulu )",212,157,18,139,112,91.3,112,0
"91260 Pahkakoski-Räinä   (Oulu )",78,103,8,95,71,84.7,71,0
"91300 Ylikiiminki Keskus   (Oulu )",924,1464,205,1259,1385,99.0,1368,17
"91310 Arkala   (Oulu )",41,120,22,98,100,96.4,100,0
"91410 Jokirinne   (Muhos )",19,293,13,280,355,105.0,336,19
"91430 Leppiniemi   (Muhos )",0,45,8,37,87,70.7,58,29
"91500 Muhos Keskus   (Muhos )",406,2700,276,2424,3173,93.6,2928,245
"91510 Rova   (Muhos )",49,204,13,191,189,119.4,189,0
"91560 Kylmälänkylä   (Muhos )",59,94,15,79,70,89.3,70,0
"91600 Utajärvi Keskus   (Utajärvi )",356,989,141,848,1066,84.0,982,84
"91620 Sanginkylä   (Utajärvi )",231,134,13,121,92,92.8,92,0
"91630 Juorkuna   (Utajärvi )",205,102,18,84,64,87.9,64,0
"91640 Särkijärvi   (Utajärvi )",123,93,11,82,60,90.0,60,0
"91660 Ahmas   (Utajärvi )",155,203,29,174,159,88.0,159,0
"91670 Rokua   (Muhos )",48,24,22,2,..,..,..,..
"91700 Vaala Keskus-Oterma   (Vaala )",203,712,142,570,930,79.5,846,84
"91710 Jylhämä   (Vaala )",7,40,8,32,45,83.2,45,0
"91720 Oterma   (Vaala )",190,64,9,55,44,85.6,44,0
"91730 Kankari   (Vaala )",111,82,6,76,61,103.3,61,0
"91740 Jaalanka-Liminpuro   (Vaala )",164,119,14,105,69,92.4,69,0
"91750 Liminpuro   (Vaala )",147,49,5,44,31,96.5,31,0
"91760 Säräisniemi   (Vaala )",284,268,59,209,196,89.4,180,16
"91780 Neittävä   (Vaala )",104,80,16,64,57,96.7,57,0
"91790 Nuojua   (Vaala )",35,88,6,82,75,95.1,75,0
"91800 Tyrnävä   (Tyrnävä )",206,1905,145,1760,2029,102.8,2001,28
"91900 Liminka Keskus   (Liminka )",89,2005,291,1714,2244,103.0,2108,136
"91910 Tupos   (Liminka )",20,849,105,744,837,125.4,837,0
"91930 Ala-Temmes   (Liminka )",24,223,28,195,196,105.2,196,0
"91950 Temmes   (Liminka )",111,361,56,305,335,93.1,335,0
"91980 Lumijoki   (Lumijoki )",218,799,86,713,804,103.2,804,0
"92100 Raahe Keskus   (Raahe )",355,1129,293,836,2563,68.0,948,1615
"92120 Ollinsaari-Mestauskallio   (Raahe )",2,924,160,764,1917,78.4,932,985
"92130 Isoholmi-Antinkangas   (Raahe )",3,1006,91,915,1547,96.2,1263,284
"92140 Pattijoki Keskus   (Raahe )",136,2235,224,2011,2495,102.5,2495,0
"92150 Kummatti-Junnilanmäki   (Raahe )",0,354,69,285,1173,64.1,429,744
"92160 Saloinen   (Raahe )",31,1036,291,745,755,108.0,755,0
"92180 Lapaluoto   (Raahe )",0,129,44,85,84,83.9,84,0
"92210 Arkkukari   (Raahe )",140,376,68,308,288,118.4,284,4
"92220 Piehinki   (Raahe )",96,392,66,326,306,104.3,306,0
"92230 Mattilanperä   (Raahe )",3,119,22,97,92,113.8,92,0
"92240 Lasikangas   (Raahe )",14,161,18,143,134,108.2,134,0
"92260 Kopsa   (Raahe )",24,173,26,147,142,107.6,142,0
"92320 Siikajoki Keskus   (Siikajoki )",287,499,55,444,475,95.1,475,0
"92330 Karinkanta   (Siikajoki )",107,142,10,132,117,94.5,117,0
"92350 Revonlahti   (Siikajoki )",106,337,40,297,339,100.2,339,0
"92400 Ruukki Keskus   (Siikajoki )",113,851,136,715,892,86.8,873,19
"92430 Paavola-Huumola   (Siikajoki )",114,455,49,406,479,97.0,475,4
"92440 Saarikoski   (Siikajoki )",21,26,4,22,18,88.9,18,0
"92450 Luohua   (Siikajoki )",77,174,18,156,137,104.0,137,0
"92470 Tuomioja   (Siikajoki )",39,167,18,149,131,98.9,131,0
"92500 Rantsila Keskus   (Siikalatva )",223,839,129,710,813,87.7,813,0
"92520 Sipola   (Siikalatva )",34,74,14,60,46,87.2,46,0
"92530 Mankila   (Siikalatva )",115,112,10,102,80,101.3,80,0
"92600 Pulkkila Keskus   (Siikalatva )",117,643,122,521,697,87.4,690,7
"92610 Vorna   (Siikalatva )",34,72,13,59,41,98.2,41,0
"92620 Piippola Keskus   (Siikalatva )",74,475,79,396,529,87.7,529,0
"92640 Leskelä   (Siikalatva )",42,124,11,113,103,98.4,103,0
"92650 Laakkola   (Siikalatva )",34,100,8,92,84,94.5,84,0
"92700 Kestilä   (Siikalatva )",266,824,124,700,758,90.2,745,13
"92810 Pelsonsuo   (Vaala )",42,122,21,101,95,100.7,95,0
"92830 Veneheitto   (Vaala )",40,163,9,154,137,107.2,137,0
"92910 Tavastkenkä   (Pyhäntä )",51,166,8,158,135,109.3,135,0
"92920 Ahokylä   (Pyhäntä )",27,55,9,46,39,96.5,39,0
"92930 Pyhäntä   (Pyhäntä )",278,479,97,382,559,87.0,559,0
"93100 Pudasjärvi Keskus   (Pudasjärvi )",523,1905,316,1589,2630,78.8,2182,448
"93140 Kipinä   (Pudasjärvi )",336,303,36,267,225,99.5,225,0
"93160 Hetejärvi   (Pudasjärvi )",196,180,15,165,125,98.3,125,0
"93170 Yli-Kollaja   (Pudasjärvi )",94,73,17,56,44,105.9,44,0
"93180 Ikosenniemi   (Pudasjärvi )",19,21,1,20,18,90.0,18,0
"93187 Ala-Siurua   (Pudasjärvi )",102,95,9,86,69,96.1,69,0
"93190 Yli-Siurua-Ikosenniemi   (Pudasjärvi )",48,96,9,87,69,96.4,69,0
"93195 Kokkokylä   (Pudasjärvi )",4,44,1,43,35,95.6,35,0
"93220 Livo   (Pudasjärvi )",104,61,3,58,52,95.4,52,0
"93225 Pärjänsuo   (Pudasjärvi )",93,152,11,141,119,96.0,118,1
"93240 Rytinki   (Pudasjärvi )",77,94,9,85,69,94.7,69,0
"93250 Sarajärvi   (Pudasjärvi )",183,202,18,184,161,91.0,161,0
"93270 Sotkajärvi   (Pudasjärvi )",235,282,42,240,216,100.7,216,0
"93277 Iinattijärvi   (Pudasjärvi )",169,120,16,104,81,96.8,81,0
"93280 Syöte   (Pudasjärvi )",527,463,323,140,143,91.9,143,0
"93290 Pintamo   (Pudasjärvi )",150,68,9,59,48,86.4,48,0
"93350 Jaurakkajärvi   (Pudasjärvi )",189,127,13,114,78,92.8,78,0
"93390 Puhoskylä   (Pudasjärvi )",304,147,16,131,129,90.0,129,0
"93400 Taivalkoski Keskus   (Taivalkoski )",467,1333,237,1096,1556,87.5,1234,322
"93420 Jurmu   (Taivalkoski )",134,154,14,140,124,99.5,124,0
"93440 Loukusa   (Taivalkoski )",55,53,8,45,33,106.2,33,0
"93470 Inget   (Taivalkoski )",160,82,11,71,62,106.9,62,0
"93540 Tyrövaara   (Taivalkoski )",247,218,55,163,143,107.5,143,0
"93590 Vanhala   (Taivalkoski )",137,126,9,117,110,93.2,107,3
"93600 Kuusamo Keskus   (Kuusamo )",284,3289,618,2671,5873,80.2,3803,2070
"93630 Kuoliovaara   (Kuusamo )",61,110,15,95,80,105.6,80,0
"93680 Vasaraperä   (Kuusamo )",88,94,16,78,63,107.3,63,0
"93730 Poussu   (Kuusamo )",9,21,2,19,16,114.4,16,0
"93760 Kemilä-Murtovaara-Teeriranta   (Kuusamo )",7,25,2,23,22,86.2,22,0
"93780 Teeriranta   (Kuusamo )",43,31,12,19,13,96.8,13,0
"93820 Aikkila-Rukatunturi   (Kuusamo )",75,100,30,70,63,109.1,63,0
"93825 Rukatunturi   (Kuusamo )",881,449,357,92,153,86.3,153,0
"93840 Patoniemi   (Kuusamo )",33,18,2,16,15,80.6,15,0
"93850 Käylä-Patoniemi   (Kuusamo )",140,182,59,123,130,95.9,130,0
"93920 Määttälänvaara   (Kuusamo )",51,71,9,62,46,119.9,46,0
"93940 Vuotunki   (Kuusamo )",42,73,13,60,48,105.0,43,5
"93990 Kärpänkylä   (Kuusamo )",32,17,0,17,10,75.3,10,0
"93999 Kuusamo   (Kuusamo )",4864,2644,533,2111,1800,107.9,1795,5
"94100 Kemi Keskus   (Kemi )",135,900,264,636,4898,59.8,759,4139
"94200 Torvinen-Vainio   (Kemi )",4,1008,229,779,1425,78.5,932,493
"94300 Pajusaari   (Kemi )",85,177,59,118,159,84.5,111,48
"94400 Keminmaa Keskus   (Keminmaa )",20,814,69,745,1551,84.9,1081,470
"94430 Kaakamo   (Tornio )",116,518,61,457,446,102.8,446,0
"94450 Lassila-Jokisuu   (Keminmaa )",13,1010,219,791,977,107.3,954,23
"94460 Ruottala   (Tornio )",20,120,14,106,88,97.4,88,0
"94500 Lautiosaari   (Keminmaa )",177,1122,175,947,1100,91.6,976,124
"94600 Ristikangas-Kivikko   (Kemi )",8,1313,266,1047,1320,91.9,1254,66
"94700 Takajärvi-Haukkari   (Kemi )",11,2186,280,1906,3399,82.0,2150,1249
"94720 Peurasaari   (Kemi )",0,251,56,195,619,74.5,429,190
"94800 Veitsiluoto   (Kemi )",0,63,63,0,0,0.0,0,0
"94830 Pikku Berliini-Hepola   (Kemi )",34,527,52,475,1261,73.3,731,530
"94900 Ajos   (Kemi )",63,244,82,162,161,95.0,160,1
"95100 Kuivaniemi Keskus   (Ii )",262,508,81,427,542,86.4,542,0
"95110 Kuivaniemi kk   (Ii )",163,225,33,192,172,91.0,168,4
"95130 Hyryoja   (Ii )",59,93,7,86,81,86.9,81,0
"95160 Oijärvi-Lamminperä   (Ii )",289,210,34,176,143,81.3,143,0
"95200 Simo Keskus   (Simo )",265,670,89,581,715,93.4,700,15
"95210 Filpus   (Simo )",134,153,7,146,128,102.8,128,0
"95220 Simoniemi   (Simo )",75,174,18,156,157,104.3,157,0
"95225 Viantie   (Simo )",56,139,9,130,114,99.3,114,0
"95230 Maksniemi   (Simo )",232,364,20,344,369,99.5,368,1
"95255 Alaniemi   (Simo )",64,70,12,58,55,101.1,55,0
"95260 Tainionjoki   (Simo )",84,51,6,45,28,87.5,28,0
"95270 Yli-Kärppä-Tainionjoki   (Simo )",43,81,6,75,79,90.3,76,3
"95300 Tervola Keskus   (Tervola )",143,907,133,774,1001,84.8,980,21
"95310 Liedakkala   (Keminmaa )",60,240,32,208,199,106.6,199,0
"95315 Törmä   (Keminmaa )",99,156,32,124,105,104.3,105,0
"95325 Paakkola   (Tervola )",58,123,17,106,89,97.2,89,0
"95330 Tervola   (Tervola )",115,352,65,287,273,87.7,270,3
"95340 Loue   (Tervola )",59,186,29,157,157,93.9,157,0
"95350 Peura   (Tervola )",0,8,2,6,..,..,..,..
"95355 Koivu-Peura   (Tervola )",119,248,44,204,165,85.7,160,5
"95365 Maula   (Keminmaa )",72,180,13,167,147,103.6,147,0
"95370 Itäkoski   (Keminmaa )",67,139,14,125,104,105.1,104,0
"95375 Yli-Paakkola   (Tervola )",23,81,14,67,54,89.8,54,0
"95400 Tornio Keskus   (Tornio )",68,381,202,179,1748,60.4,139,1609
"95410 Kiviranta   (Tornio )",37,1041,116,925,1640,92.2,1171,469
"95420 Miukki-Palosaari-Luotomäki   (Tornio )",0,1243,307,936,2172,79.1,1191,981
"95430 Suensaari   (Tornio )",0,205,42,163,800,71.0,157,643
"95440 Kyläjoki   (Tornio )",131,466,80,386,367,116.7,367,0
"95450 Kirkonmäki   (Tornio )",36,1175,132,1043,1382,106.7,1352,30
"95460 Kantojärvi   (Tornio )",82,521,76,445,419,117.5,419,0
"95470 Pirkkiö-Röyttä   (Tornio )",191,512,77,435,415,105.5,415,0
"95490 Terästehtaanalue   (Tornio )",0,81,81,0,0,0.0,0,0
"95500 Vojakkala-Yli-Liakka   (Tornio )",147,602,85,517,498,112.7,495,3
"95520 Kukkola   (Tornio )",109,226,32,194,170,105.9,170,0
"95530 Karunki   (Tornio )",137,401,54,347,334,100.6,334,0
"95540 Korpikylä   (Tornio )",55,80,8,72,49,94.3,49,0
"95560 Aapajoki   (Tornio )",48,128,19,109,97,102.9,97,0
"95590 Arpela   (Tornio )",55,533,68,465,431,97.3,427,4
"95600 Ylitornio Keskus   (Ylitornio )",197,1013,193,820,1139,91.9,1036,103
"95610 Kainuunkylä   (Ylitornio )",29,167,15,152,130,101.7,130,0
"95615 Pekanpää   (Ylitornio )",46,99,23,76,62,100.9,62,0
"95620 Aavasaksa   (Ylitornio )",53,330,75,255,239,96.1,239,0
"95630 Kuivakangas   (Ylitornio )",33,94,13,81,81,98.1,73,8
"95635 Kaulinranta   (Ylitornio )",110,183,25,158,135,94.7,134,1
"95640 Juoksenki   (Pello )",133,219,34,185,146,89.0,146,0
"95645 Turtola   (Pello )",140,209,39,170,157,88.3,157,0
"95655 Etelä-Portimojärvi   (Ylitornio )",16,78,11,67,65,96.1,65,0
"95660 Kantomaanpää   (Ylitornio )",84,145,18,127,109,96.8,107,2
"95670 Pessalompolo   (Ylitornio )",265,123,22,101,82,90.8,82,0
"95675 Meltosjärvi   (Ylitornio )",58,126,24,102,100,80.9,100,0
"95680 Lohijärvi   (Ylitornio )",50,55,10,45,42,95.1,42,0
"95690 Mellakoski   (Ylitornio )",110,156,25,131,109,93.8,109,0
"95700 Pello Keskus   (Pello )",142,1221,212,1009,1227,94.6,1083,144
"95710 Naamijoki   (Pello )",33,41,4,37,27,90.3,27,0
"95720 Jarhoinen   (Pello )",18,30,4,26,21,100.6,21,0
"95750 Orajärvi   (Pello )",30,93,10,83,67,99.8,67,0
"95760 Konttajärvi   (Pello )",58,78,8,70,64,100.1,64,0
"95770 Lankojärvi   (Pello )",97,149,17,132,112,93.2,112,0
"95780 Sirkkakoski   (Pello )",165,84,17,67,60,93.0,60,0
"95790 Lampsijärvi   (Pello )",106,92,7,85,65,82.9,65,0
"95800 Sieppijärvi-Taapajärvi   (Kolari )",136,342,42,300,263,91.8,259,4
"95830 Vaattojärvi   (Kolari )",52,107,13,94,86,96.0,86,0
"95840 Venejärvenkylä   (Kolari )",18,52,5,47,35,81.2,35,0
"95850 Ruokojärvi   (Kolari )",25,31,6,25,17,67.1,17,0
"95860 Pasmajärvi   (Kolari )",11,47,5,42,25,94.4,25,0
"95900 Kolari Keskus   (Kolari )",596,1136,288,848,1003,87.6,931,72
"95920 Saaripudas   (Kolari )",20,109,14,95,79,98.3,79,0
"95930 Äkäsjoensuu   (Kolari )",35,77,12,65,62,98.0,62,0
"95940 Tapojärvi   (Muonio )",51,41,3,38,34,90.7,34,0
"95950 Kihlanki-Tapojärvi   (Muonio )",52,42,9,33,20,104.7,19,1
"95970 Äkäslompolo   (Muonio )",1021,650,395,255,295,89.9,295,0
"95980 Ylläsjärvi   (Kolari )",403,204,102,102,120,92.2,120,0
"95990 Kurtakko   (Kolari )",33,56,7,49,38,90.1,38,0
"96100 Rovaniemi Keskus   (Rovaniemi )",51,1315,355,960,6626,59.0,1057,5569
"96190 Lapinrinne-Ahokangas   (Rovaniemi )",0,1144,121,1023,1569,95.5,1306,263
"96200 Sahanperä-Ratantaus   (Rovaniemi )",5,522,103,419,3459,60.8,442,3017
"96300 Niemelänkangas-Korvanniemi   (Rovaniemi )",3,967,185,782,3554,63.3,1018,2536
"96320 Teollisuuskylä   (Rovaniemi )",0,132,132,0,0,0.0,0,0
"96400 Pullinranta-Kiiruna   (Rovaniemi )",105,998,215,783,1761,83.0,1092,669
"96440 Ounasrinne   (Rovaniemi )",8,617,50,567,1847,75.5,702,1145
"96460 Pöykkölä   (Rovaniemi )",2,795,63,732,1073,98.3,1023,50
"96500 Korkalovaara   (Rovaniemi )",2,1069,78,991,3239,76.2,1273,1966
"96600 Koskenkylä   (Rovaniemi )",41,599,141,458,523,111.4,522,1
"96700 Niskanperä   (Rovaniemi )",45,420,147,273,286,114.0,286,0
"96800 Ylikylä-Patosaari   (Rovaniemi )",4,572,95,477,749,96.9,594,155
"96900 Saarenkylä   (Rovaniemi )",592,2778,645,2133,3050,98.5,2882,168
"96910 Syväsenvaara   (Rovaniemi )",1,933,128,805,1422,89.1,1143,279
"96930 Napapiiri Rovaniemi   (Rovaniemi )",0,89,74,15,29,75.0,29,0
"96960 Someroharju   (Rovaniemi )",0,21,9,12,82,72.7,82,0
"97110 Rautionsaari   (Rovaniemi )",48,196,48,148,195,99.4,181,14
"97130 Hirvas   (Rovaniemi )",18,364,80,284,351,98.1,338,13
"97140 Muurola   (Rovaniemi )",124,515,86,429,675,79.8,489,186
"97145 Totonvaara   (Rovaniemi )",0,2,2,0,0,0.0,0,0
"97160 Petäjäinen   (Rovaniemi )",6,58,15,43,84,80.7,58,26
"97170 Jaatila   (Rovaniemi )",48,114,18,96,95,96.7,95,0
"97220 Sinettä   (Rovaniemi )",157,448,118,330,387,94.2,381,6
"97240 Sonka   (Rovaniemi )",310,225,69,156,146,85.4,146,0
"97250 Raanujärvi   (Ylitornio )",303,152,17,135,116,83.0,116,0
"97280 Tapio   (Rovaniemi )",244,286,122,164,172,99.3,172,0
"97290 Marraskoski   (Rovaniemi )",119,123,58,65,67,78.6,67,0
"97310 Patokoski   (Rovaniemi )",66,104,28,76,73,88.1,73,0
"97320 Marrasjärvi   (Rovaniemi )",154,104,52,52,54,83.2,54,0
"97330 Rattosjärvi   (Pello )",72,56,3,53,43,91.8,43,0
"97335 Ruuhivaara   (Pello )",28,54,7,47,39,88.4,39,0
"97340 Meltaus-Jääskö-Perttaus   (Rovaniemi )",257,267,74,193,208,82.7,201,7
"97370 Unarin-Luusua   (Sodankylä )",92,49,9,40,28,90.8,28,0
"97380 Kukasranta   (Sodankylä )",18,19,1,18,16,79.2,16,0
"97390 Kierinki   (Sodankylä )",80,114,7,107,91,82.6,91,0
"97420 Lohiniva   (Kittilä )",202,327,38,289,255,88.8,255,0
"97430 Taapajärvi   (Kolari )",3,8,0,8,..,..,..,..
"97470 Alakylä-Sailehto   (Kittilä )",60,105,9,96,88,73.8,88,0
"97510 Vikajärvi   (Rovaniemi )",154,164,58,106,112,92.1,112,0
"97520 Nampa   (Rovaniemi )",37,35,9,26,25,96.3,25,0
"97530 Nampa-Yli-Nampa   (Rovaniemi )",93,78,20,58,55,92.4,55,0
"97540 Tiainen   (Rovaniemi )",171,110,48,62,57,94.3,57,0
"97580 Misi   (Rovaniemi )",121,83,23,60,57,74.0,57,0
"97590 Raajärvi   (Kemijärvi )",0,15,4,11,25,93.0,25,0
"97610 Oikarainen   (Rovaniemi )",251,319,89,230,231,101.2,226,5
"97615 Tennirova   (Rovaniemi )",19,27,6,21,23,84.6,17,6
"97620 Viiri-Tennirova   (Rovaniemi )",49,85,19,66,56,91.1,56,0
"97625 Vanttauskoski   (Rovaniemi )",239,284,109,175,181,81.4,181,0
"97630 Pekkala   (Rovaniemi )",51,89,21,68,59,82.3,59,0
"97635 Juuniemi   (Rovaniemi )",18,80,18,62,100,80.2,100,0
"97645 Juujärvi   (Kemijärvi )",71,105,10,95,76,89.0,76,0
"97650 Juotas   (Rovaniemi )",104,112,21,91,86,78.9,86,0
"97655 Autti   (Rovaniemi )",67,127,29,98,105,79.1,105,0
"97665 Pohjasperä   (Ranua )",252,143,22,121,100,97.5,100,0
"97670 Kivitaipale   (Rovaniemi )",158,150,42,108,119,90.3,119,0
"97675 Narkaus-Kämät   (Rovaniemi )",76,123,36,87,83,94.2,83,0
"97680 Saari-Kämä   (Rovaniemi )",75,46,6,40,31,96.0,31,0
"97685 Siika-Kämä   (Rovaniemi )",87,56,26,30,31,86.7,31,0
"97690 Sulaoja   (Rovaniemi )",8,56,4,52,58,90.5,58,0
"97700 Ranua Keskus   (Ranua )",765,1351,286,1065,1422,88.6,1393,29
"97715 Raiskio   (Ranua )",140,161,20,141,114,88.1,114,0
"97720 Yli-Simo-Raiskio   (Ranua )",36,73,10,63,60,89.9,56,4
"97760 Saariharju   (Ranua )",65,97,24,73,75,90.7,75,0
"97765 Kuha-Impiö-Itäranua   (Ranua )",121,55,9,46,43,103.3,43,0
"97770 Petäjäjärvi   (Ranua )",11,11,2,9,..,..,..,..
"97780 Kuukasjärvi-Petäjäjärvi   (Ranua )",36,56,11,45,39,100.6,39,0
"97785 Kelankylä   (Ranua )",46,54,6,48,39,97.3,39,0
"97810 Suorsa   (Posio )",38,19,6,13,10,81.6,10,0
"97815 Pernu-Suorsa   (Posio )",133,61,17,44,32,91.8,32,0
"97820 Perä-Posio   (Posio )",101,77,6,71,61,95.6,58,3
"97840 Lehtiniemi   (Posio )",190,76,11,65,56,102.1,56,0
"97850 Ristilä   (Posio )",215,81,11,70,52,84.1,52,0
"97870 Jumisko   (Posio )",187,51,6,45,33,75.4,33,0
"97880 Nolimo-Jumisko   (Posio )",13,35,6,29,23,102.5,23,0
"97890 Karjalaisenniemi   (Posio )",185,144,17,127,109,113.8,109,0
"97895 Mourujärvi   (Posio )",65,56,6,50,43,99.5,43,0
"97900 Posio Keskus   (Posio )",830,927,214,713,1014,87.2,919,95
"97920 Suonnankylä   (Posio )",36,51,9,42,42,98.8,42,0
"97925 Tolva   (Posio )",103,66,13,53,43,105.5,43,0
"97940 Lohiranta   (Posio )",83,53,4,49,43,104.1,43,0
"97950 Säikkä   (Posio )",14,11,2,9,..,..,..,..
"97960 Kuloharju-Säikkä   (Posio )",107,82,13,69,57,85.8,57,0
"97965 Kynsilä   (Posio )",46,64,2,62,52,93.7,52,0
"97970 Sirniö   (Posio )",32,48,6,42,37,101.9,37,0
"97980 Anetjärvi   (Posio )",87,90,10,80,69,107.0,69,0
"97999 Köngäs   (Kittilä )",35,4,4,0,0,0.0,0,0
"98100 Kemijärvi Keskus   (Kemijärvi )",588,929,169,760,1676,74.0,867,809
"98120 Särkikangas   (Kemijärvi )",3,698,136,562,1330,74.1,664,666
"98230 Luusua-Karsimus   (Kemijärvi )",138,157,25,132,143,90.7,143,0
"98310 Karvakko   (Kemijärvi )",25,262,20,242,242,97.3,236,6
"98350 Tapionniemi   (Kemijärvi )",90,111,11,100,93,89.8,91,2
"98360 Vuostimo   (Kemijärvi )",43,143,24,119,88,85.9,87,1
"98400 Isokylä-Ryti-Lehtola   (Kemijärvi )",203,365,33,332,320,103.5,320,0
"98420 Ryti-Lehtola   (Kemijärvi )",224,97,8,89,81,85.9,81,0
"98440 Kallaanvaara   (Kemijärvi )",8,302,26,276,473,86.4,325,148
"98450 Kostamo   (Kemijärvi )",117,201,10,191,175,88.1,175,0
"98500 Pelkosenniemi Keskus   (Pelkosenniemi )",93,302,59,243,316,77.7,308,8
"98510 Saunavaara   (Pelkosenniemi )",16,50,1,49,34,92.8,34,0
"98530 Pyhätunturi   (Pelkosenniemi )",630,274,156,118,157,80.5,157,0
"98550 Suvanto   (Pelkosenniemi )",48,30,11,19,17,82.5,17,0
"98560 Kairala-Luiro   (Pelkosenniemi )",16,75,3,72,59,100.7,59,0
"98570 Aapajärvi   (Pelkosenniemi )",47,43,7,36,30,70.2,30,0
"98580 Luiro   (Pelkosenniemi )",32,26,2,24,23,86.8,23,0
"98600 Kursu   (Salla )",93,231,35,196,181,82.2,181,0
"98620 Pahkakumpu   (Salla )",13,46,5,41,34,99.7,34,0
"98630 Ahvenselkä   (Pelkosenniemi )",27,67,10,57,38,92.4,38,0
"98660 Salmivaara   (Salla )",30,99,8,91,79,93.2,79,0
"98710 Joutsijärvi   (Kemijärvi )",38,94,19,75,60,92.9,60,0
"98720 Suomutunturi   (Kemijärvi )",313,174,83,91,89,76.6,89,0
"98760 Hirvasvaara-Paloperä   (Salla )",52,62,5,57,49,98.3,49,0
"98770 Aholanvaara   (Salla )",56,45,1,44,32,92.6,32,0
"98780 Maaninkavaara   (Posio )",48,49,5,44,36,99.2,36,0
"98790 Paloperä   (Salla )",117,62,18,44,25,84.1,25,0
"98800 Savukoski Keskus-Värriö   (Savukoski )",83,347,87,260,313,85.4,313,0
"98810 Lunkkaus   (Savukoski )",40,47,15,32,23,92.5,23,0
"98820 Värriö   (Savukoski )",39,39,2,37,26,99.9,26,0
"98830 Martti-Ruuvaoja   (Savukoski )",159,140,46,94,88,101.4,88,0
"98840 Ruuvaoja   (Savukoski )",8,10,1,9,..,..,..,..
"98850 Kuosku   (Savukoski )",16,86,6,80,66,102.2,66,0
"98900 Salla Keskus   (Salla )",313,1034,277,757,1247,79.8,998,249
"98920 Kelloselkä   (Salla )",31,126,17,109,84,100.6,84,0
"98930 Kotalankylä   (Salla )",37,85,11,74,72,84.8,72,0
"98950 Saija   (Salla )",91,130,15,115,89,89.7,89,0
"98960 Naruska   (Salla )",198,66,28,38,25,106.2,25,0
"98970 Onkamojärvi   (Salla )",88,63,7,56,44,103.9,44,0
"98980 Kallunki-Niemelä   (Salla )",124,54,7,47,24,90.3,24,0
"98995 Hautajärvi   (Salla )",138,202,26,176,155,90.8,155,0
"99100 Kittilä Keskus   (Kittilä )",119,1125,202,923,1462,82.8,1196,266
"99110 Kaukonen   (Kittilä )",74,227,25,202,165,89.7,165,0
"99120 Kallo   (Kittilä )",231,173,65,108,82,77.7,82,0
"99130 Sirkka-Rauhala   (Kittilä )",1530,894,429,465,738,76.5,596,142
"99135 Rauhala   (Kittilä )",59,13,3,10,..,..,..,..
"99140 Köngäs-Hanhivaara   (Kittilä )",91,128,31,97,96,118.6,95,1
"99150 Tepasto   (Kittilä )",115,73,20,53,46,92.4,46,0
"99160 Lompolo-Pulju   (Kittilä )",70,50,9,41,33,80.9,33,0
"99170 Pulju   (Kittilä )",74,18,2,16,14,88.4,14,0
"99180 Rautusjärvi   (Kittilä )",34,48,8,40,38,77.7,38,0
"99190 Hanhimaa   (Kittilä )",42,27,3,24,23,94.8,23,0
"99195 Pokka   (Kittilä )",50,18,7,11,..,..,..,..
"99230 Jeesiöjärvi   (Kittilä )",33,39,6,33,30,80.9,30,0
"99240 Kuivasalmi   (Kittilä )",16,35,11,24,27,77.2,15,12
"99250 Kiistala-Jeesiöjärvi   (Kittilä )",44,94,30,64,52,86.9,52,0
"99270 Hormakumpu   (Kittilä )",15,26,3,23,19,96.3,19,0
"99280 Tepsa   (Kittilä )",27,67,4,63,49,80.2,49,0
"99290 Kelontekemä   (Kittilä )",67,56,7,49,46,84.7,46,0
"99300 Muonio Keskus   (Muonio )",625,1182,374,808,877,97.7,859,18
"99310 Yli-Muonio   (Muonio )",117,129,21,108,78,111.5,78,0
"99320 Kätkäsuvanto   (Muonio )",54,113,24,89,61,100.2,61,0
"99330 Pallastunturi   (Muonio )",0,3,1,2,10,39.7,10,0
"99340 Raattama-Pallastunturi   (Kittilä )",242,138,54,84,73,98.9,73,0
"99360 Kangosjärvi   (Muonio )",129,85,11,74,54,94.1,54,0
"99400 Enontekiö Keskus   (Enontekiö )",199,448,142,306,388,87.6,372,16
"99410 Vuontisjärvi   (Enontekiö )",48,76,8,68,63,98.8,63,0
"99420 Peltovuoma   (Enontekiö )",149,109,11,98,84,95.2,84,0
"99430 Nunnanen   (Enontekiö )",36,62,6,56,47,99.0,47,0
"99440 Leppäjärvi   (Enontekiö )",123,143,45,98,73,96.8,73,0
"99450 Palojoensuu-Kuttanen   (Enontekiö )",69,109,26,83,71,90.2,71,0
"99460 Kuttanen   (Enontekiö )",38,38,2,36,31,80.1,31,0
"99470 Karesuvanto   (Enontekiö )",119,256,109,147,158,79.9,154,4
"99490 Kilpisjärvi   (Enontekiö )",72,165,93,72,114,78.7,114,0
"99510 Raudanjoki-Seipäjärvi   (Sodankylä )",37,58,7,51,37,106.7,37,0
"99520 Seipäjärvi   (Sodankylä )",21,33,5,28,20,84.5,19,1
"99530 Vuojärvi   (Sodankylä )",5,43,3,40,35,86.1,35,0
"99540 Torvinen   (Sodankylä )",22,97,16,81,63,101.9,63,0
"99550 Aska-Orakylä   (Sodankylä )",85,64,10,54,50,78.7,50,0
"99555 Luosto   (Sodankylä )",301,151,111,40,63,69.3,63,0
"99560 Orakylä   (Sodankylä )",98,142,9,133,125,99.0,125,0
"99600 Sodankylä Keskus   (Sodankylä )",225,2067,406,1661,3126,79.6,2490,636
"99610 Siurunmaa   (Sodankylä )",3,22,0,22,19,118.3,19,0
"99620 Kelujärvi   (Sodankylä )",81,136,6,130,126,93.8,126,0
"99640 Tanhua   (Savukoski )",140,101,31,70,67,88.1,67,0
"99645 Lokka   (Sodankylä )",73,73,22,51,59,85.2,59,0
"99650 Sattanen   (Sodankylä )",38,137,7,130,126,104.4,126,0
"99655 Sattasvaara   (Sodankylä )",97,97,14,83,71,82.9,71,0
"99660 Kersilö   (Sodankylä )",10,32,4,28,27,78.3,27,0
"99665 Moskuvaara   (Sodankylä )",24,39,4,35,25,80.0,25,0
"99670 Petkula   (Sodankylä )",45,51,22,29,20,101.0,20,0
"99690 Vuotso   (Sodankylä )",119,217,57,160,141,91.0,141,0
"99695 Tankavaara   (Sodankylä )",1,9,8,1,..,..,..,..
"99710 Vaalajärvi   (Sodankylä )",55,162,10,152,149,93.8,149,0
"99720 Riipi   (Sodankylä )",57,136,13,123,106,88.9,106,0
"99740 Syväjärvi   (Sodankylä )",42,109,13,96,96,89.3,96,0
"99750 Sassali   (Sodankylä )",19,33,2,31,23,93.3,23,0
"99760 Uimaniemi   (Sodankylä )",28,34,3,31,23,84.0,23,0
"99770 Jeesiö   (Sodankylä )",61,79,1,78,68,83.4,68,0
"99800 Ivalo   (Inari )",1121,2475,519,1956,2414,83.3,2246,168
"99830 Saariselkä   (Inari )",318,484,346,138,346,67.0,262,84
"99860 Nellim   (Inari )",217,149,29,120,98,77.7,98,0
"99870 Inari Keskus-Lemmenjoki   (Inari )",451,704,223,481,515,85.6,494,21
"99885 Lemmenjoki   (Inari )",25,54,30,24,20,102.8,20,0
"99910 Kaamanen-Partakko   (Inari )",324,222,115,107,98,82.9,98,0
"99930 Sevettijärvi-Näätämö   (Inari )",148,127,53,74,78,81.4,71,7
"99940 Näätämö   (Inari )",7,18,10,8,13,79.0,13,0
"99950 Karigasniemi   (Utsjoki )",157,267,100,167,175,92.4,170,5
"99980 Utsjoki Keskus   (Utsjoki )",436,616,234,382,401,86.4,400,1
"99990 Nuorgam   (Utsjoki )",76,189,85,104,107,92.5,107,0
